1207.29 845.83 1346.87 845.83 1346.87 927.08 1207.29 927.08 hole 0
1636.46 847.92 1778.12 847.92 1778.12 931.25 1636.46 931.25 hole 0
1203.17 959.47 1356.12 959.47 1356.12 1097.06 1203.17 1097.06 normal 0
1642.71 970.83 1771.87 970.83 1771.87 1093.75 1642.71 1093.75 normal 0
1207.29 1150.00 1340.62 1150.00 1340.62 1406.25 1207.29 1406.25 normal 0
1638.54 1141.67 1767.71 1141.67 1767.71 1404.17 1638.54 1404.17 normal 0
992.71 1941.67 1128.13 1941.67 1128.13 2012.50 992.71 2012.50 hole 0
1415.62 1943.75 1544.79 1943.75 1544.79 2014.58 1415.62 2014.58 hole 0
1834.37 1950.00 1967.71 1950.00 1967.71 2014.58 1834.37 2014.58 hole 0
1005.21 2047.92 1130.21 2047.92 1130.21 2168.75 1005.21 2168.75 normal 0
1415.62 2052.08 1551.04 2052.08 1551.04 2166.67 1415.62 2166.67 normal 0
1836.46 2045.83 1961.46 2045.83 1961.46 2170.83 1836.46 2170.83 normal 0
1005.21 2227.08 1126.04 2227.08 1126.04 2466.67 1005.21 2466.67 normal 0
1011.54 2520.75 1134.46 2520.75 1134.46 2860.33 1011.54 2860.33 normal 0
1417.71 2225.00 1546.88 2225.00 1546.88 2460.42 1417.71 2460.42 normal 0
1828.12 2222.92 1955.21 2222.92 1955.21 2468.75 1828.12 2468.75 normal 0
203.89 3005.20 346.75 3005.20 346.75 3168.83 203.89 3168.83 hole 0
2733.59 528.50 2917.71 528.50 2917.71 727.08 2733.59 727.08 normal 0
2600.96 3001.92 2774.04 3001.92 2774.04 3169.23 2600.96 3169.23 normal 0
1200.00 773.86 1347.73 773.86 1347.73 818.18 1200.00 818.18 hole 0
1639.77 773.86 1780.68 773.86 1780.68 818.18 1639.77 818.18 hole 0
