981.37 847.06 1134.32 847.06 1134.32 923.53 981.37 923.53 hole 0
1424.51 850.98 1563.73 850.98 1563.73 921.57 1424.51 921.57 hole 0
1857.84 847.06 2004.90 847.06 2004.90 925.49 1857.84 925.49 hole 0
995.10 960.78 1128.43 960.78 1128.43 1090.20 995.10 1090.20 ballS 0
1418.63 960.78 1563.73 960.78 1563.73 1086.28 1418.63 1086.28 ballS 0
1861.76 949.02 1997.06 949.02 1997.06 1101.96 1861.76 1101.96 ballL 0
991.18 1143.14 1132.35 1143.14 1132.35 1405.88 991.18 1405.88 ballS 0
1416.67 1143.14 1563.73 1143.14 1563.73 1415.69 1416.67 1415.69 ballS 0
1846.08 1141.18 1987.25 1141.18 1987.25 1409.80 1846.08 1409.80 ballS 0
1840.20 1460.78 1987.25 1460.78 1987.25 1852.94 1840.20 1852.94 hole 0
997.06 1466.67 1124.51 1466.67 1124.51 1847.06 997.06 1847.06 hole 0
1210.78 2043.14 1342.16 2043.14 1342.16 2168.63 1210.78 2168.63 ballL 0
1636.28 2050.98 1753.92 2050.98 1753.92 2172.55 1636.28 2172.55 ballL 0
1216.67 2219.61 1340.20 2219.61 1340.20 2458.82 1216.67 2458.82 ballS 0
1626.47 2229.41 1750.00 2229.41 1750.00 2458.82 1626.47 2458.82 ballS 0
1210.78 2521.57 1344.12 2521.57 1344.12 2864.70 1210.78 2864.70 hole 0
1616.67 2516.95 1746.08 2516.95 1746.08 2867.93 1616.67 2867.93 hole 0
214.71 3001.96 344.12 3001.96 344.12 3170.59 214.71 3170.59 hole 0
2729.59 518.37 2929.59 518.37 2929.59 720.41 2729.59 720.41 normal 0
2603.06 3000.00 2776.53 3000.00 2776.53 3171.43 2603.06 3171.43 normal 0
1427.42 1516.13 1553.23 1516.13 1553.23 1761.29 1427.42 1761.29 hole 0
