1368.75 436.11 1470.14 436.11 1470.14 552.78 1368.75 552.78 wave 0
1618.75 427.78 1717.36 427.78 1717.36 533.33 1618.75 533.33 normal 0
1859.03 462.50 1954.86 462.50 1954.86 569.44 1859.03 569.44 normal 0
2103.47 551.39 2193.75 551.39 2193.75 654.17 2103.47 654.17 wave 0
2288.19 840.28 2588.19 840.28 2588.19 909.72 2288.19 909.72 normal 0
2288.19 1004.17 2581.25 1004.17 2581.25 1077.78 2288.19 1077.78 normal 0
2746.53 1304.17 2839.58 1304.17 2839.58 1402.78 2746.53 1402.78 normal 0
2795.14 1534.72 2888.19 1534.72 2888.19 1638.89 2795.14 1638.89 normal 0
2800.69 1768.06 2893.75 1768.06 2893.75 1873.61 2800.69 1873.61 normal 0
2753.47 1998.61 2846.53 1998.61 2846.53 2097.22 2753.47 2097.22 normal 0
2661.81 2222.22 2759.03 2222.22 2759.03 2319.44 2661.81 2319.44 normal 0
2239.58 2383.33 2418.75 2383.33 2418.75 2455.56 2239.58 2455.56 ballS 0
2236.81 2537.50 2411.80 2537.50 2411.80 2602.78 2236.81 2602.78 ballS 0
2419.57 2386.96 2493.48 2386.96 2493.48 2452.17 2419.57 2452.17 normal 0
2410.87 2536.96 2489.13 2536.96 2489.13 2600.00 2410.87 2600.00 normal 0
2110.87 2782.61 2152.17 2782.61 2152.17 2860.87 2110.87 2860.87 normal 0
