747.50 540.00 1033.75 540.00 1033.75 632.50 747.50 632.50 ballL 0
686.59 1146.34 786.59 1146.34 786.59 1232.93 686.59 1232.93 ballL 0
743.94 2801.52 825.29 2801.52 825.29 3116.09 743.94 3116.09 ballL 0
875.86 3043.68 954.02 3043.68 954.02 3157.47 875.86 3157.47 ballL 0
1012.64 3091.96 1093.10 3091.96 1093.10 3201.15 1012.64 3201.15 ballL 0
1180.46 3168.96 1345.98 3168.96 1345.98 3245.98 1180.46 3245.98 ballL 0
2689.29 2437.14 2813.57 2437.14 2813.57 2517.14 2689.29 2517.14 ballL 0
1191.26 421.36 1423.30 421.36 1423.30 495.14 1191.26 495.14 ballL 0
2070.59 531.37 2150.98 531.37 2150.98 664.70 2070.59 664.70 ballL 0
746.97 2607.58 813.64 2607.58 813.64 2775.76 746.97 2775.76 ballS 0
