1422.88 845.76 1560.17 845.76 1560.17 930.51 1422.88 930.51 normal 0
1850.00 957.63 1995.76 957.63 1995.76 1105.08 1850.00 1105.08 normal 0
1422.88 955.93 1561.86 955.93 1561.86 1101.70 1422.88 1101.70 normal 0
985.59 945.76 1129.66 945.76 1129.66 1088.14 985.59 1088.14 normal 0
997.46 1147.46 1127.97 1147.46 1127.97 1408.48 997.46 1408.48 normal 0
1416.10 1147.46 1561.86 1147.46 1561.86 1401.70 1416.10 1401.70 normal 0
1853.39 1154.24 1975.43 1154.24 1975.43 1411.86 1853.39 1411.86 normal 0
2727.97 523.73 2911.02 523.73 2911.02 715.26 2727.97 715.26 normal 0
1843.22 1469.49 1982.20 1469.49 1982.20 1850.85 1843.22 1850.85 normal 0
1211.02 2222.03 1336.44 2222.03 1336.44 2455.93 1211.02 2455.93 normal 0
1626.27 2223.73 1758.47 2223.73 1758.47 2471.19 1626.27 2471.19 normal 0
1209.46 2513.51 1344.59 2513.51 1344.59 2870.27 1209.46 2870.27 normal 0
219.32 3006.82 344.32 3006.82 344.32 3165.91 219.32 3165.91 hole 0
2605.68 3013.64 2773.86 3013.64 2773.86 3172.73 2605.68 3172.73 normal 0
