740.00 547.50 1046.25 547.50 1046.25 632.50 740.00 632.50 ballL 0
1190.00 415.00 1400.00 415.00 1400.00 501.25 1190.00 501.25 ballL 0
410.00 935.00 696.25 935.00 696.25 1023.75 410.00 1023.75 ballL 0
200.00 1142.50 467.50 1142.50 467.50 1233.75 200.00 1233.75 ballL 0
477.50 1146.25 783.75 1146.25 783.75 1235.00 477.50 1235.00 ballL 0
1887.06 448.24 1987.06 448.24 1987.06 589.41 1887.06 589.41 ballL 0
2067.06 528.24 2157.65 528.24 2157.65 667.06 2067.06 667.06 ballL 0
550.00 2633.75 642.50 2633.75 642.50 2893.75 550.00 2893.75 ballL 0
742.86 2868.25 821.25 2868.25 821.25 3117.50 742.86 3117.50 ballL 0
877.50 3045.00 943.75 3045.00 943.75 3153.75 877.50 3153.75 ballL 0
1013.75 3092.50 1091.25 3092.50 1091.25 3201.25 1013.75 3201.25 ballL 0
1181.25 3173.75 1305.00 3173.75 1305.00 3245.00 1181.25 3245.00 ballL 0
750.80 2750.79 817.46 2750.79 817.46 2866.67 750.80 2866.67 hole 0
741.54 2563.08 820.00 2563.08 820.00 2744.62 741.54 2744.62 ballS 0
