740.00 547.50 1046.25 547.50 1046.25 632.50 740.00 632.50 ballL 0
1190.00 415.00 1400.00 415.00 1400.00 501.25 1190.00 501.25 ballL 0
629.66 1146.25 783.75 1146.25 783.75 1232.20 629.66 1232.20 ballL 0
1887.06 448.24 1987.06 448.24 1987.06 589.41 1887.06 589.41 ballL 0
2067.06 528.24 2157.65 528.24 2157.65 667.06 2067.06 667.06 ballL 0
748.75 2825.00 821.25 2825.00 821.25 3117.50 748.75 3117.50 ballL 0
877.50 3045.00 943.75 3045.00 943.75 3153.75 877.50 3153.75 ballL 0
1013.75 3092.50 1091.25 3092.50 1091.25 3201.25 1013.75 3201.25 ballL 0
1181.25 3173.75 1305.00 3173.75 1305.00 3245.00 1181.25 3245.00 ballL 0
2681.58 2435.09 2811.41 2435.09 2811.41 2514.04 2681.58 2514.04 ballL 0
743.75 2716.25 811.25 2716.25 811.25 2818.75 743.75 2818.75 hole 0
741.25 2610.00 773.75 2610.00 773.75 2711.25 741.25 2711.25 hole 0
