996.15 549.23 1105.39 549.23 1105.39 660.00 996.15 660.00 wave 0
1242.31 460.00 1362.31 460.00 1362.31 576.92 1242.31 576.92 normal 0
1488.46 418.46 1602.31 418.46 1602.31 538.46 1488.46 538.46 normal 0
1730.00 436.92 1842.31 436.92 1842.31 550.77 1730.00 550.77 normal 0
1977.69 501.54 2090.00 501.54 2090.00 615.38 1977.69 615.38 wave 0
624.17 911.67 927.50 911.67 927.50 991.67 624.17 991.67 normal 0
639.17 1075.00 930.83 1075.00 930.83 1156.67 639.17 1156.67 normal 0
405.83 1178.33 509.17 1178.33 509.17 1280.00 405.83 1280.00 wave 0
330.83 1410.00 432.50 1410.00 432.50 1523.33 330.83 1523.33 wave 0
1037.86 2770.00 1137.86 2770.00 1137.86 2865.72 1037.86 2865.72 wave 0
1266.43 2845.72 1366.43 2845.72 1366.43 2940.00 1266.43 2940.00 wave 0
1492.14 2881.43 1595.00 2881.43 1595.00 2977.14 1492.14 2977.14 wave 0
1719.29 2871.43 1819.29 2871.43 1819.29 2962.86 1719.29 2962.86 wave 0
1940.71 2814.28 2046.43 2814.28 2046.43 2907.14 1940.71 2907.14 wave 0
