727.36 543.40 1051.69 543.40 1051.69 633.90 727.36 633.90 ballL 0
1178.81 411.86 1834.75 411.86 1834.75 503.39 1178.81 503.39 ballS 0
1890.68 461.02 1977.12 461.02 1977.12 591.52 1890.68 591.52 ballL 0
2066.95 516.95 2155.09 516.95 2155.09 666.10 2066.95 666.10 ballL 0
2244.91 613.56 2334.75 613.56 2334.75 1276.27 2244.91 1276.27 ballS 0
2394.07 844.07 2477.12 844.07 2477.12 1147.46 2394.07 1147.46 ballS 0
2761.86 1181.36 2841.43 1181.36 2841.43 1475.72 2761.86 1475.72 ballL 0
2872.97 1614.02 2947.06 1618.47 2912.31 2196.92 2838.22 2192.47 hole 0
2748.31 2286.44 2870.34 2286.44 2870.34 2362.71 2748.31 2362.71 ballS 0
2682.20 2437.29 2807.63 2437.29 2807.63 2503.39 2682.20 2503.39 ballS 0
2105.93 2601.70 2704.24 2601.70 2704.24 2688.14 2105.93 2688.14 ballS 0
2221.18 2725.42 2497.46 2725.42 2497.46 2803.39 2221.18 2803.39 ballS 0
874.66 3041.10 955.48 3041.10 955.48 3156.16 874.66 3156.16 ballL 0
1007.53 3089.04 1091.10 3089.04 1091.10 3204.11 1007.53 3204.11 ballL 0
1176.03 3167.12 1765.07 3167.12 1765.07 3247.94 1176.03 3247.94 hole 0
1889.73 3060.27 2166.44 3060.27 2166.44 3136.99 1889.73 3136.99 ballL 0
736.79 1141.51 797.17 1141.51 797.17 1237.74 736.79 1237.74 ballL 0
743.94 2548.48 822.64 2548.48 822.64 3100.00 743.94 3100.00 hole 0
