1048.11 418.87 1576.42 418.87 1576.42 496.23 1048.11 496.23 normal 0
1650.00 416.98 2197.17 416.98 2197.17 498.11 1650.00 498.11 normal 0
603.06 793.88 658.16 793.88 658.16 875.51 603.06 875.51 wave 0
696.98 795.96 752.08 795.96 752.08 877.59 696.98 877.59 wave 0
790.90 796.00 846.00 796.00 846.00 877.63 790.90 877.63 wave 0
888.90 791.96 944.00 791.96 944.00 873.59 888.90 873.59 wave 0
884.86 1008.33 939.96 1008.33 939.96 1089.96 884.86 1089.96 wave 0
793.06 1008.37 848.16 1008.37 848.16 1090.00 793.06 1090.00 wave 0
709.43 1008.41 764.53 1008.41 764.53 1090.04 709.43 1090.04 wave 0
611.22 1016.61 674.78 1016.61 674.78 1089.80 611.22 1089.80 wave 0
658.16 2402.04 711.23 2402.04 711.23 2475.51 658.16 2475.51 wave 0
745.96 2406.16 799.02 2406.16 799.02 2479.63 745.96 2479.63 wave 0
831.71 2404.16 884.77 2404.16 884.77 2477.63 831.71 2477.63 wave 0
923.59 2404.20 976.65 2404.20 976.65 2477.67 923.59 2477.67 wave 0
923.63 2592.00 976.69 2592.00 976.69 2665.47 923.63 2665.47 wave 0
837.96 2592.04 891.02 2592.04 891.02 2665.51 837.96 2665.51 wave 0
758.41 2592.08 811.47 2592.08 811.47 2665.55 758.41 2665.55 wave 0
666.61 2594.16 719.67 2594.16 719.67 2667.63 666.61 2667.63 wave 0
322.51 1133.84 400.22 1129.95 428.12 1687.50 350.41 1691.39 ballS 0
351.38 1732.82 425.73 1729.09 452.55 2265.10 378.20 2268.82 ballS 0
1059.29 2825.72 1333.57 2825.72 1333.57 2897.14 1059.29 2897.14 ballS 0
1936.43 2822.86 2150.72 2822.86 2150.72 2894.28 1936.43 2894.28 ballS 0
