736.79 2662.34 822.08 2662.34 822.08 3109.09 736.79 3109.09 hole 0
876.41 3045.28 951.89 3045.28 951.89 3156.60 876.41 3156.60 ballL 0
1012.26 3086.79 1087.74 3086.79 1087.74 3203.77 1012.26 3203.77 ballL 0
1176.41 3167.92 1770.76 3167.92 1770.76 3247.17 1176.41 3247.17 hole 0
1887.74 3054.72 2172.64 3054.72 2172.64 3135.85 1887.74 3135.85 ballL 0
2104.72 2605.77 2278.57 2605.77 2278.57 2685.72 2104.72 2685.72 ballS 0
550.00 2618.87 636.79 2618.87 636.79 2896.23 550.00 2896.23 ballS 0
727.36 545.28 1050.00 545.28 1050.00 639.62 727.36 639.62 ballL 0
387.74 937.74 691.51 937.74 691.51 1030.19 387.74 1030.19 ballL 0
185.85 1132.08 799.06 1132.08 799.06 1233.96 185.85 1233.96 ballL 0
1174.53 405.66 1831.13 405.66 1831.13 511.32 1174.53 511.32 ballL 0
1896.98 451.14 1985.59 451.14 1985.59 593.22 1896.98 593.22 ballS 0
2066.95 526.27 2161.32 526.27 2161.32 666.04 2066.95 666.04 ballL 0
2243.38 612.79 2342.48 612.79 2342.48 1270.59 2243.38 1270.59 ballL 0
2219.79 2728.57 2270.63 2728.57 2270.63 2797.92 2219.79 2797.92 ballL 0
216.13 2304.84 270.97 2304.84 270.97 2585.48 216.13 2585.48 ballL 0
740.26 2558.44 815.58 2558.44 815.58 2657.14 740.26 2657.14 ballL 0
