740.16 2630.71 822.83 2630.71 822.83 3074.02 740.16 3074.02 hole 0
876.41 3045.28 960.77 3045.28 960.77 3161.54 876.41 3161.54 ballL 0
1012.26 3086.79 1096.15 3086.79 1096.15 3204.62 1012.26 3204.62 ballL 0
1176.41 3167.92 1770.76 3167.92 1770.76 3247.17 1176.41 3247.17 hole 0
1890.21 3060.84 2117.69 3060.84 2117.69 3133.85 1890.21 3133.85 ballL 0
2104.72 2605.77 2136.15 2605.77 2136.15 2683.08 2104.72 2683.08 ballL 0
550.00 2618.87 636.79 2618.87 636.79 2896.23 550.00 2896.23 ballL 0
727.36 545.28 1050.00 545.28 1050.00 639.62 727.36 639.62 ballL 0
394.63 939.46 698.41 939.46 698.41 1031.91 394.63 1031.91 ballL 0
185.85 1132.08 799.06 1132.08 799.06 1233.96 185.85 1233.96 ballL 0
1174.53 405.66 1831.13 405.66 1831.13 511.32 1174.53 511.32 ballL 0
1896.98 451.14 1985.59 451.14 1985.59 593.22 1896.98 593.22 ballL 0
2066.95 526.27 2161.32 526.27 2161.32 666.04 2066.95 666.04 ballL 0
219.79 2304.84 270.97 2304.84 270.97 2591.67 219.79 2591.67 ballL 0
