721.21 669.70 812.12 669.70 812.12 1066.67 721.21 1066.67 normal 0
612.12 1087.88 696.97 1087.88 696.97 1472.73 612.12 1472.73 normal 0
830.30 1090.91 924.24 1090.91 924.24 1487.88 830.30 1487.88 normal 0
1433.33 1521.21 1521.21 1521.21 1521.21 1903.03 1433.33 1903.03 normal 0
1660.61 1530.30 1745.45 1530.30 1745.45 1909.09 1660.61 1909.09 normal 0
1309.09 1927.27 1400.00 1927.27 1400.00 2293.94 1309.09 2293.94 normal 0
1524.24 1930.30 1621.21 1930.30 1621.21 2303.03 1524.24 2303.03 normal 0
1748.48 1939.39 1842.42 1939.39 1842.42 2309.09 1748.48 2309.09 normal 0
2347.96 2332.65 2423.55 2337.19 2402.24 2691.98 2326.65 2687.44 normal 0
2210.92 2720.30 2284.21 2725.43 2260.51 3063.38 2187.22 3058.24 normal 0
2563.00 2334.92 2634.30 2339.20 2612.51 2701.82 2541.21 2697.53 normal 0
2427.55 2724.49 2511.35 2729.52 2490.82 3071.43 2407.01 3066.40 normal 0
2645.05 2734.52 2725.65 2740.17 2702.03 3077.08 2621.43 3071.43 normal 0
