1435.34 767.15 1572.73 767.15 1572.73 907.79 1435.34 907.79 hole 0
1435.48 1144.94 1572.84 1144.94 1572.84 1282.72 1435.48 1282.72 hole 0
1433.61 954.15 1573.29 954.15 1573.29 1097.01 1433.61 1097.01 hole 0
1427.14 1335.24 1572.22 1335.24 1572.22 1473.33 1427.14 1473.33 hole 0
2158.41 1348.10 2295.29 1348.10 2295.29 1490.59 2158.41 1490.59 hole 0
2351.59 1155.56 2492.86 1155.56 2492.86 1304.76 2351.59 1304.76 ballL 0
2543.65 973.02 2689.68 973.02 2689.68 1119.05 2543.65 1119.05 ballL 0
2745.24 779.36 2889.68 779.36 2889.68 930.16 2745.24 930.16 ballL 0
2130.26 2057.90 2265.87 2057.90 2265.87 2188.89 2130.26 2188.89 hole 0
2317.10 2061.84 2453.95 2061.84 2453.95 2193.42 2317.10 2193.42 hole 0
2494.74 2059.71 2635.53 2059.71 2635.53 2193.92 2494.74 2193.92 ballL 0
2676.32 2065.79 2815.08 2065.79 2815.08 2198.41 2676.32 2198.41 ballL 0
1415.79 3061.84 1544.74 3061.84 1544.74 3188.16 1415.79 3188.16 hole 0
1413.16 3226.32 1542.06 3226.32 1542.06 3347.62 1413.16 3347.62 hole 0
2107.90 2735.53 2243.42 2735.53 2243.42 2860.53 2107.90 2860.53 hole 0
2278.57 2904.76 2414.47 2904.76 2414.47 3028.95 2278.57 3028.95 ballL 0
2447.37 3071.05 2582.89 3071.05 2582.89 3197.37 2447.37 3197.37 ballL 0
2614.47 3236.84 2747.37 3236.84 2747.37 3359.21 2614.47 3359.21 ballL 0
806.94 1330.00 846.43 1330.00 846.43 1462.86 806.94 1462.86 hole 0
