1175.87 1190.95 1290.16 1190.95 1290.16 1316.35 1175.87 1316.35 ballL 0
1512.06 1193.97 1629.52 1193.97 1629.52 1313.02 1512.06 1313.02 ballL 0
1513.49 1457.30 1630.71 1457.30 1630.71 1570.00 1513.49 1570.00 ballL 0
1515.24 1683.02 1629.29 1683.02 1629.29 1794.28 1515.24 1794.28 ballL 0
1174.60 1457.46 1288.89 1457.46 1288.89 1573.33 1174.60 1573.33 ballL 0
1176.67 1676.51 1289.36 1676.51 1289.36 1789.21 1176.67 1789.21 ballL 0
1182.54 1901.59 1298.41 1901.59 1298.41 2014.28 1182.54 2014.28 ballL 0
1514.13 1900.64 1626.82 1900.64 1626.82 2013.33 1514.13 2013.33 ballL 0
1181.43 2111.43 1293.57 2111.43 1293.57 2227.14 1181.43 2227.14 ballL 0
1516.35 2119.84 1627.86 2119.84 1627.86 2231.43 1516.35 2231.43 ballL 0
1187.78 2329.68 1297.86 2329.68 1297.86 2434.28 1187.78 2434.28 ballL 0
1514.13 2332.54 1626.82 2332.54 1626.82 2437.30 1514.13 2437.30 ballL 0
