1403.12 684.38 1512.50 684.38 1512.50 809.38 1403.12 809.38 wave 0
1563.75 682.50 1666.25 682.50 1666.25 810.00 1563.75 810.00 wave 0
1471.25 835.00 1593.75 835.00 1593.75 970.00 1471.25 970.00 wave 0
2643.75 1870.00 2776.25 1870.00 2776.25 1990.00 2643.75 1990.00 wave 0
2553.75 2015.00 2681.25 2015.00 2681.25 2140.00 2553.75 2140.00 wave 0
2711.25 2027.50 2841.25 2027.50 2841.25 2140.00 2711.25 2140.00 wave 0
2613.75 2982.50 2733.75 2982.50 2733.75 3097.50 2613.75 3097.50 wave 0
2536.25 3125.00 2653.75 3125.00 2653.75 3242.50 2536.25 3242.50 wave 0
2683.75 3130.00 2801.25 3130.00 2801.25 3245.00 2683.75 3245.00 wave 0
2690.62 842.19 2806.25 842.19 2806.25 973.44 2690.62 973.44 wave 0
2606.25 676.56 2734.37 676.56 2734.37 807.81 2606.25 807.81 wave 0
2765.62 676.56 2900.00 676.56 2900.00 814.06 2765.62 814.06 wave 0
