1441.39 763.91 1570.59 763.91 1570.59 909.56 1441.39 909.56 hole 0
1443.68 958.01 1482.35 958.01 1482.35 1011.03 1443.68 1011.03 hole 0
708.64 1329.27 838.96 1329.27 838.96 1468.18 708.64 1468.18 hole 0
127.60 751.39 264.70 751.39 264.70 899.26 127.60 899.26 ballL 0
321.65 945.40 459.56 945.40 459.56 1088.24 321.65 1088.24 ballL 0
517.52 1141.02 650.65 1141.02 650.65 1281.17 517.52 1281.17 hole 0
740.79 2046.60 845.37 2046.60 845.37 2177.78 740.79 2177.78 hole 0
532.43 2036.49 663.89 2036.49 663.89 2170.37 532.43 2170.37 hole 0
347.30 2035.14 482.43 2035.14 482.43 2170.27 347.30 2170.27 hole 0
171.27 2036.14 304.63 2036.14 304.63 2170.37 171.27 2170.37 hole 0
209.90 3214.76 339.00 3214.76 339.00 3335.00 209.90 3335.00 ballL 0
379.62 3048.54 507.79 3048.54 507.79 3170.13 379.62 3170.13 hole 0
551.59 2884.02 679.41 2884.02 679.41 3009.80 551.59 3009.80 hole 0
747.19 2719.48 852.94 2719.48 852.94 2847.06 747.19 2847.06 hole 0
