1441.39 763.91 1569.00 763.91 1569.00 905.00 1441.39 905.00 hole 0
708.64 1329.27 838.96 1329.27 838.96 1468.18 708.64 1468.18 hole 0
127.60 751.39 264.70 751.39 264.70 899.26 127.60 899.26 ballL 0
321.65 945.40 459.56 945.40 459.56 1088.24 321.65 1088.24 ballL 0
517.52 1141.02 650.65 1141.02 650.65 1281.17 517.52 1281.17 hole 0
726.85 2042.59 845.68 2042.59 845.68 2170.37 726.85 2170.37 normal 0
534.22 2039.16 663.39 2039.16 663.39 2170.54 534.22 2170.54 hole 0
351.08 2039.60 480.70 2039.60 480.70 2167.54 351.08 2167.54 hole 0
166.33 2034.90 302.47 2034.90 302.47 2169.14 166.33 2169.14 hole 0
209.45 3212.99 338.50 3212.99 338.50 3335.84 209.45 3335.84 hole 0
378.30 3050.76 507.52 3050.76 507.52 3173.45 378.30 3173.45 hole 0
551.59 2885.79 679.20 2885.79 679.20 3008.41 551.59 3008.41 hole 0
728.70 2716.67 852.94 2716.67 852.94 2847.06 728.70 2847.06 normal 0
1443.52 955.56 1569.44 955.56 1569.44 1048.15 1443.52 1048.15 hole 0
