1437.70 767.15 1575.08 767.15 1575.08 907.79 1437.70 907.79 normal 0
1435.48 1144.94 1572.84 1144.94 1572.84 1282.72 1435.48 1282.72 normal 0
1433.61 954.15 1573.29 954.15 1573.29 1097.01 1433.61 1097.01 normal 0
1431.01 1342.87 1559.73 1342.87 1559.73 1473.74 1431.01 1473.74 normal 0
2166.67 1365.43 2281.48 1365.43 2281.48 1480.25 2166.67 1480.25 normal 0
2352.77 1164.97 2487.06 1164.97 2487.06 1304.70 2352.77 1304.70 hole 0
2543.65 973.02 2689.68 973.02 2689.68 1119.05 2543.65 1119.05 ballL 0
2750.72 787.58 2888.36 787.58 2888.36 926.03 2750.72 926.03 ballL 0
2369.28 2064.02 2451.09 2064.02 2451.09 2145.65 2369.28 2145.65 hole 0
2497.59 2059.71 2638.38 2059.71 2638.38 2193.92 2497.59 2193.92 hole 0
2681.82 2067.53 2815.08 2067.53 2815.08 2198.41 2681.82 2198.41 hole 0
1416.81 3233.70 1537.67 3233.70 1537.67 3332.88 1416.81 3332.88 hole 0
2181.51 2753.42 2235.87 2753.42 2235.87 2841.30 2181.51 2841.30 hole 0
2278.57 2904.76 2414.47 2904.76 2414.47 3028.95 2278.57 3028.95 hole 0
2447.37 3077.90 2577.40 3077.90 2577.40 3195.89 2447.37 3195.89 hole 0
2617.21 3239.58 2741.78 3239.58 2741.78 3358.90 2617.21 3358.90 ballL 0
802.06 1353.42 840.41 1353.42 840.41 1468.49 802.06 1468.49 hole 0
