662.35 2403.53 712.94 2403.53 712.94 2472.94 662.35 2472.94 wave 0
749.41 2401.18 798.82 2401.18 798.82 2474.12 749.41 2474.12 wave 0
834.12 2402.35 884.71 2402.35 884.71 2471.76 834.12 2471.76 wave 0
922.35 2401.18 975.29 2401.18 975.29 2475.30 922.35 2475.30 wave 0
664.71 2591.76 720.00 2591.76 720.00 2664.70 664.71 2664.70 wave 0
751.76 2595.30 802.35 2595.30 802.35 2664.70 751.76 2664.70 wave 0
842.35 2594.12 890.59 2594.12 890.59 2664.70 842.35 2664.70 wave 0
925.88 2590.59 976.47 2590.59 976.47 2662.35 925.88 2662.35 wave 0
1160.00 2825.88 1541.17 2825.88 1541.17 2895.30 1160.00 2895.30 ballL 0
1702.35 2823.53 2155.29 2823.53 2155.29 2904.70 1702.35 2904.70 ballL 0
1804.53 417.65 2015.96 417.65 2015.96 495.74 1804.53 495.74 hole 0
608.24 794.12 663.53 794.12 663.53 876.47 608.24 876.47 wave 0
696.47 789.41 757.65 789.41 757.65 871.76 696.47 871.76 wave 0
788.24 789.41 847.06 789.41 847.06 874.12 788.24 874.12 wave 0
878.82 791.76 937.65 791.76 937.65 875.30 878.82 875.30 wave 0
614.12 1012.94 671.77 1012.94 671.77 1087.06 614.12 1087.06 wave 0
709.41 1011.76 760.00 1011.76 760.00 1088.24 709.41 1088.24 wave 0
792.94 1008.24 849.41 1008.24 849.41 1085.88 792.94 1085.88 wave 0
889.41 1010.59 944.71 1010.59 944.71 1089.41 889.41 1089.41 wave 0
1063.53 416.47 1570.59 416.47 1570.59 494.12 1063.53 494.12 normal 0
329.39 1166.14 405.99 1163.08 422.83 1583.86 346.23 1586.92 ballL 0
352.99 1740.80 424.15 1737.24 445.76 2169.20 374.60 2172.76 ballL 0
