122.14 791.43 257.86 791.43 257.86 927.14 122.14 927.14 normal 0
323.57 987.14 450.71 987.14 450.71 1120.00 323.57 1120.00 normal 0
519.28 1185.72 646.43 1185.72 646.43 1310.00 519.28 1310.00 normal 0
707.86 1375.72 826.43 1375.72 826.43 1497.14 707.86 1497.14 normal 0
207.50 3256.21 317.44 3256.21 317.44 3370.00 207.50 3370.00 normal 0
381.82 3092.21 496.10 3092.21 496.10 3210.39 381.82 3210.39 normal 0
170.13 2076.62 284.42 2076.62 284.42 2200.00 170.13 2200.00 normal 0
350.65 2075.32 464.93 2075.32 464.93 2201.30 350.65 2201.30 normal 0
533.77 2080.52 650.65 2080.52 650.65 2206.49 533.77 2206.49 normal 0
712.99 2084.42 824.17 2084.42 824.17 2210.00 712.99 2210.00 normal 0
