2818.49 1132.62 2899.06 1135.85 2876.69 1694.76 2796.12 1691.53 hole 0
2792.78 2003.09 2864.38 2005.96 2853.46 2278.86 2781.86 2275.99 hole 0
319.64 1141.76 406.56 1137.42 417.35 1353.06 330.43 1357.41 hole 0
1206.60 415.10 1587.60 415.10 1587.60 496.51 1206.60 496.51 hole 0
1634.91 420.00 1905.88 420.00 1905.88 492.45 1634.91 492.45 hole 0
1209.91 2827.78 1384.44 2827.78 1384.44 2894.60 1209.91 2894.60 hole 0
1828.89 2827.78 2146.67 2827.78 2146.67 2895.56 1828.89 2895.56 hole 0
1624.44 2826.67 1823.33 2826.67 1823.33 2893.33 1624.44 2893.33 hole 0
1386.67 2833.33 1586.67 2833.33 1586.67 2893.33 1386.67 2893.33 hole 0
1910.59 415.30 2194.12 415.30 2194.12 496.47 1910.59 496.47 hole 0
2797.94 1756.70 2861.86 1756.70 2861.86 2003.09 2797.94 2003.09 hole 0
