2811.38 1137.01 2908.53 1140.90 2886.48 1691.89 2789.33 1688.00 ballL 0
2795.05 1733.18 2893.52 1740.09 2856.56 2267.21 2758.09 2260.31 ballL 0
1110.27 419.18 1422.25 419.18 1422.25 490.46 1110.27 490.46 hole 0
1632.29 412.50 2223.96 412.50 2223.96 497.92 1632.29 497.92 hole 0
1630.29 410.50 2221.96 410.50 2221.96 495.92 1630.29 495.92 hole 0
1107.00 2819.00 1285.83 2819.00 1285.83 2887.40 1107.00 2887.40 hole 0
1627.03 2820.84 1765.47 2820.84 1765.47 2899.28 1627.03 2899.28 hole 0
1769.78 2822.30 2027.78 2822.30 2027.78 2893.33 1769.78 2893.33 ballL 0
1303.32 2827.16 1452.13 2827.16 1452.13 2888.58 1303.32 2888.58 ballL 0
1458.58 2839.64 1562.13 2839.64 1562.13 2888.16 1458.58 2888.16 hole 0
1405.30 422.73 1584.09 422.73 1584.09 484.85 1405.30 484.85 normal 0
2023.33 2827.78 2151.11 2827.78 2151.11 2892.22 2023.33 2892.22 ballS 0
