360.00 1973.33 438.26 1968.63 456.00 2264.00 377.74 2268.70 hole 0
1003.49 413.95 1577.91 413.95 1577.91 495.35 1003.49 495.35 hole 0
1652.13 411.63 2061.63 411.63 2061.63 490.42 1652.13 490.42 hole 0
1050.00 2828.83 1297.70 2828.83 1297.70 2891.96 1050.00 2891.96 hole 0
1790.99 2829.73 2048.65 2829.73 2048.65 2890.99 1790.99 2890.99 hole 0
352.99 1737.16 436.00 1737.16 436.00 1967.00 352.99 1967.00 ballS 0
341.00 1488.00 420.00 1488.00 420.00 1690.00 341.00 1690.00 ballS 0
1302.11 2830.28 1442.96 2830.28 1442.96 2890.84 1302.11 2890.84 hole 0
1452.82 2840.84 1573.24 2840.84 1573.24 2892.25 1452.82 2892.25 hole 0
319.74 1143.17 405.78 1138.86 423.04 1483.70 337.00 1488.00 ballS 0
