1191.75 416.50 1389.69 416.50 1389.69 501.03 1191.75 501.03 hole 0
1672.22 414.82 2201.85 414.82 2201.85 497.94 1672.22 497.94 hole 0
2819.79 1128.42 2906.53 1131.02 2889.22 1707.84 2802.48 1705.24 ballL 0
2887.77 1746.96 2793.70 1742.26 2767.48 2266.21 2861.55 2270.92 ballL 0
322.07 1167.51 408.52 1163.18 432.58 1643.94 346.12 1648.26 ballS 0
1150.54 2817.20 1288.79 2817.20 1288.79 2888.78 1150.54 2888.78 hole 0
1647.48 2824.02 1767.37 2824.02 1767.37 2894.96 1647.48 2894.96 hole 0
1415.89 2826.17 1538.32 2826.17 1538.32 2890.66 1415.89 2890.66 hole 0
1773.00 2822.00 2030.00 2822.00 2030.00 2891.00 1773.00 2891.00 ballL 0
1276.03 2820.55 1423.97 2820.55 1423.97 2887.67 1276.03 2887.67 ballL 0
2027.00 2826.00 2162.00 2826.00 2162.00 2898.00 2027.00 2898.00 ballS 0
