2815.59 1141.52 2901.36 1143.24 2890.44 1689.10 2804.67 1687.38 ballL 0
2874.75 1736.88 2797.45 1733.02 2770.78 2266.10 2848.07 2269.96 ballL 0
1809.38 414.58 2028.13 414.58 2028.13 493.75 1809.38 493.75 hole 0
1445.53 2825.82 1543.09 2825.82 1543.09 2895.12 1445.53 2895.12 hole 0
1677.24 2827.64 1771.55 2827.64 1771.55 2892.68 1677.24 2892.68 hole 0
1257.59 417.72 1420.25 417.72 1420.25 484.18 1257.59 484.18 hole 0
2112.70 419.05 2202.38 419.05 2202.38 466.67 2112.70 466.67 hole 0
1230.08 2826.02 1445.53 2826.02 1445.53 2887.80 1230.08 2887.80 ballL 0
1160.98 2826.02 1244.72 2826.02 1244.72 2890.24 1160.98 2890.24 hole 0
1770.73 2827.64 2140.65 2827.64 2140.65 2898.37 1770.73 2898.37 ballL 0
