1303.53 414.94 1425.73 414.94 1425.73 497.06 1303.53 497.06 hole 0
325.00 1165.62 402.35 1161.76 411.46 1343.75 334.11 1347.62 ballS 0
348.59 1741.96 424.39 1738.17 450.80 2266.00 375.00 2269.79 hole 0
1061.15 2824.46 1589.22 2824.46 1589.22 2890.20 1061.15 2890.20 hole 0
1452.21 413.24 1554.41 413.24 1554.41 475.00 1452.21 475.00 hole 0
1849.27 418.38 2030.15 418.38 2030.15 480.88 1849.27 480.88 hole 0
1015.88 424.70 1257.65 424.70 1257.65 494.12 1015.88 494.12 ballS 0
1761.69 2866.17 1854.73 2866.17 1854.73 2904.48 1761.69 2904.48 hole 0
332.40 1339.63 409.54 1335.77 420.83 1561.46 343.69 1565.32 hole 0
346.59 1566.07 420.90 1563.10 426.04 1691.67 351.74 1694.64 ballS 0
