2654.08 1867.35 2766.33 1867.35 2766.33 1991.84 2654.08 1991.84 wave 0
2562.25 2020.41 2682.65 2020.41 2682.65 2138.78 2562.25 2138.78 wave 0
2715.31 2022.45 2837.75 2022.45 2837.75 2144.90 2715.31 2144.90 wave 0
1401.02 681.63 1517.35 681.63 1517.35 812.24 1401.02 812.24 wave 0
1480.61 842.86 1590.82 842.86 1590.82 969.39 1480.61 969.39 wave 0
1562.24 675.51 1676.53 675.51 1676.53 806.12 1562.24 806.12 wave 0
2619.39 2985.72 2735.71 2985.72 2735.71 3095.92 2619.39 3095.92 wave 0
2535.71 3120.41 2654.08 3120.41 2654.08 3238.78 2535.71 3238.78 wave 0
2684.69 3118.37 2803.06 3118.37 2803.06 3238.78 2684.69 3238.78 wave 0
2618.07 679.52 2742.17 679.52 2742.17 801.20 2618.07 801.20 normal 0
2766.26 675.90 2891.57 675.90 2891.57 802.41 2766.26 802.41 normal 0
2693.75 840.28 2815.56 840.28 2815.56 970.00 2693.75 970.00 normal 0
