463.89 753.70 687.96 753.70 687.96 892.59 463.89 892.59 wave 0
1321.30 781.48 1530.56 781.48 1530.56 916.67 1321.30 916.67 wave 0
2186.11 800.00 2453.92 800.00 2453.92 935.30 2186.11 935.30 wave 0
2136.11 1868.52 2398.15 1868.52 2398.15 2000.00 2136.11 2000.00 wave 0
1297.22 1842.59 1512.04 1842.59 1512.04 1968.52 1297.22 1968.52 wave 0
469.44 1809.26 702.78 1809.26 702.78 1938.89 469.44 1938.89 wave 0
487.96 2798.15 716.67 2798.15 716.67 2921.57 487.96 2921.57 wave 0
1282.41 2840.74 1504.69 2840.74 1504.69 2951.56 1282.41 2951.56 wave 0
2082.41 2864.82 2314.06 2864.82 2314.06 2985.94 2082.41 2985.94 wave 0
705.56 774.08 1000.00 774.08 1000.00 890.74 705.56 890.74 normal 0
1538.89 792.59 1877.78 792.59 1877.78 909.26 1538.89 909.26 normal 0
2453.70 809.26 2755.56 809.26 2755.56 931.48 2453.70 931.48 normal 0
709.26 1818.52 990.74 1818.52 990.74 1938.89 709.26 1938.89 normal 0
1529.63 1855.56 1803.70 1855.56 1803.70 1970.37 1529.63 1970.37 normal 0
2407.41 1881.48 2674.07 1881.48 2674.07 2009.26 2407.41 2009.26 normal 0
720.37 2814.82 994.44 2814.82 994.44 2929.63 720.37 2929.63 normal 0
1490.74 2848.15 1792.59 2848.15 1792.59 2961.11 1490.74 2961.11 normal 0
2324.07 2879.63 2618.52 2879.63 2618.52 3000.00 2324.07 3000.00 normal 0
