471.59 750.00 705.68 750.00 705.68 884.09 471.59 884.09 wave 0
1317.05 777.27 1548.86 777.27 1548.86 909.09 1317.05 909.09 wave 0
2182.96 802.27 2435.23 802.27 2435.23 936.36 2182.96 936.36 wave 0
471.59 1811.36 714.77 1811.36 714.77 1943.18 471.59 1943.18 wave 0
1298.87 1850.00 1508.62 1850.00 1508.62 1975.00 1298.87 1975.00 wave 0
2135.23 1875.00 2385.23 1875.00 2385.23 2000.00 2135.23 2000.00 wave 0
478.41 2803.45 703.45 2803.45 703.45 2927.27 478.41 2927.27 wave 0
1273.86 2831.82 1487.50 2831.82 1487.50 2954.54 1273.86 2954.54 wave 0
2078.41 2861.36 2289.77 2861.36 2289.77 2993.18 2078.41 2993.18 wave 0
710.61 765.15 986.36 765.15 986.36 893.94 710.61 893.94 normal 0
1553.03 796.97 1848.49 796.97 1848.49 922.73 1553.03 922.73 normal 0
2441.38 817.24 2712.07 817.24 2712.07 946.55 2441.38 946.55 normal 0
717.24 1822.41 972.41 1822.41 972.41 1943.10 717.24 1943.10 normal 0
1517.24 1855.17 1810.34 1855.17 1810.34 1972.41 1517.24 1972.41 normal 0
2389.66 1881.04 2650.00 1881.04 2650.00 2001.72 2389.66 2001.72 normal 0
713.79 2817.24 979.31 2817.24 979.31 2927.59 713.79 2927.59 normal 0
1493.10 2839.66 1768.97 2839.66 1768.97 2956.90 1493.10 2956.90 normal 0
2300.00 2879.31 2606.90 2879.31 2606.90 2991.38 2300.00 2991.38 normal 0
