474.49 755.10 733.67 755.10 733.67 889.80 474.49 889.80 wave 0
1327.55 775.51 1562.24 775.51 1562.24 912.24 1327.55 912.24 wave 0
2190.82 806.12 2433.67 806.12 2433.67 940.82 2190.82 940.82 wave 0
472.45 1812.24 692.86 1812.24 692.86 1946.94 472.45 1946.94 wave 0
1301.02 1834.69 1541.84 1834.69 1541.84 1975.51 1301.02 1975.51 wave 0
2137.76 1869.39 2392.86 1869.39 2392.86 2004.08 2137.76 2004.08 wave 0
480.61 2793.88 690.82 2793.88 690.82 2924.49 480.61 2924.49 wave 0
1278.57 2832.65 1492.86 2832.65 1492.86 2957.14 1278.57 2957.14 wave 0
2096.94 2861.22 2352.04 2861.22 2352.04 2987.76 2096.94 2987.76 wave 0
742.86 769.39 961.22 769.39 961.22 883.67 742.86 883.67 normal 0
1567.35 795.92 1853.06 795.92 1853.06 910.20 1567.35 910.20 normal 0
2446.94 826.53 2734.69 826.53 2734.69 942.86 2446.94 942.86 normal 0
695.92 1824.49 979.59 1824.49 979.59 1938.78 695.92 1938.78 normal 0
1555.10 1863.26 1828.57 1863.26 1828.57 1963.26 1555.10 1963.26 normal 0
2402.04 1887.76 2673.47 1887.76 2673.47 2008.16 2402.04 2008.16 normal 0
706.12 2806.12 987.76 2806.12 987.76 2920.41 706.12 2920.41 normal 0
1500.00 2840.82 1800.00 2840.82 1800.00 2961.22 1500.00 2961.22 normal 0
2357.14 2879.59 2602.04 2879.59 2602.04 2989.80 2357.14 2989.80 normal 0
