476.14 750.00 778.41 750.00 778.41 893.18 476.14 893.18 wave 0
1308.16 783.67 1537.50 783.67 1537.50 911.36 1308.16 911.36 wave 0
2187.50 804.54 2426.14 804.54 2426.14 936.36 2187.50 936.36 wave 0
2130.68 1872.73 2344.32 1872.73 2344.32 1993.18 2130.68 1993.18 wave 0
1301.14 1836.36 1503.41 1836.36 1503.41 1963.64 1301.14 1963.64 wave 0
471.59 1811.36 710.23 1811.36 710.23 1940.91 471.59 1940.91 wave 0
482.95 2808.16 687.76 2808.16 687.76 2929.54 482.95 2929.54 wave 0
1285.23 2831.82 1492.04 2831.82 1492.04 2954.54 1285.23 2954.54 wave 0
2080.68 2863.64 2287.50 2863.64 2287.50 2990.91 2080.68 2990.91 wave 0
785.72 779.59 1006.12 779.59 1006.12 897.96 785.72 897.96 normal 0
1538.77 785.72 1871.43 785.72 1871.43 924.49 1538.77 924.49 normal 0
2432.65 812.24 2746.94 812.24 2746.94 944.90 2432.65 944.90 normal 0
2353.06 1883.67 2671.43 1883.67 2671.43 2006.12 2353.06 2006.12 normal 0
1506.12 1851.02 1824.49 1851.02 1824.49 1977.55 1506.12 1977.55 normal 0
710.21 1826.53 981.63 1826.53 981.63 1944.90 710.21 1944.90 normal 0
702.04 2820.41 959.18 2820.41 959.18 2930.61 702.04 2930.61 normal 0
1493.88 2844.90 1783.67 2844.90 1783.67 2951.02 1493.88 2951.02 normal 0
2293.88 2881.63 2604.08 2881.63 2604.08 2985.72 2293.88 2985.72 normal 0
