462.50 751.67 700.83 751.67 700.83 890.00 462.50 890.00 wave 0
1327.50 771.67 1547.50 771.67 1547.50 915.00 1327.50 915.00 wave 0
2190.83 806.67 2437.50 806.67 2437.50 940.00 2190.83 940.00 wave 0
470.83 1813.33 692.50 1813.33 692.50 1940.00 470.83 1940.00 wave 0
1297.50 1840.00 1500.83 1840.00 1500.83 1963.33 1297.50 1963.33 wave 0
2130.83 1871.67 2364.17 1871.67 2364.17 2000.00 2130.83 2000.00 wave 0
479.17 2803.33 695.83 2803.33 695.83 2920.00 479.17 2920.00 wave 0
1284.17 2833.33 1487.50 2833.33 1487.50 2956.67 1284.17 2956.67 wave 0
2082.50 2865.00 2287.50 2865.00 2287.50 2986.67 2082.50 2986.67 wave 0
709.09 768.18 1000.00 768.18 1000.00 902.27 709.09 902.27 normal 0
1556.82 793.18 1861.37 793.18 1861.37 920.46 1556.82 920.46 normal 0
2445.46 822.73 2718.18 822.73 2718.18 945.46 2445.46 945.46 normal 0
700.00 1827.27 988.63 1827.27 988.63 1947.73 700.00 1947.73 normal 0
1504.55 1852.27 1822.73 1852.27 1822.73 1981.82 1504.55 1981.82 normal 0
2377.27 1879.54 2681.82 1879.54 2681.82 2004.54 2377.27 2004.54 normal 0
693.18 2813.64 977.27 2813.64 977.27 2929.54 693.18 2929.54 normal 0
1490.91 2836.36 1781.82 2836.36 1781.82 2965.91 1490.91 2965.91 normal 0
2290.91 2865.91 2609.09 2865.91 2609.09 2995.46 2290.91 2995.46 normal 0
