470.41 755.10 684.69 755.10 684.69 883.67 470.41 883.67 wave 0
1327.55 767.35 1543.88 767.35 1543.88 910.20 1327.55 910.20 wave 0
2188.78 800.00 2435.72 800.00 2435.72 946.94 2188.78 946.94 wave 0
2139.80 1867.35 2384.69 1867.35 2384.69 2004.08 2139.80 2004.08 wave 0
1307.14 1840.82 1515.31 1840.82 1515.31 1973.47 1307.14 1973.47 wave 0
470.41 1810.20 598.98 1810.20 598.98 1932.65 470.41 1932.65 wave 0
482.65 2802.04 692.86 2802.04 692.86 2926.53 482.65 2926.53 wave 0
1282.65 2834.69 1488.78 2834.69 1488.78 2957.14 1282.65 2957.14 wave 0
2090.82 2869.39 2309.18 2869.39 2309.18 2983.67 2090.82 2983.67 wave 0
693.88 765.31 995.92 765.31 995.92 893.88 693.88 893.88 normal 0
1548.98 785.72 1863.26 785.72 1863.26 914.28 1548.98 914.28 normal 0
2438.78 814.28 2740.82 814.28 2740.82 940.82 2438.78 940.82 normal 0
1520.41 1842.86 1840.81 1842.86 1840.81 1975.51 1520.41 1975.51 normal 0
2385.71 1877.55 2687.75 1877.55 2687.75 2008.16 2385.71 2008.16 normal 0
700.00 2810.20 1010.21 2810.20 1010.21 2928.57 700.00 2928.57 normal 0
1485.71 2838.78 1808.16 2838.78 1808.16 2963.26 1485.71 2963.26 normal 0
2318.37 2871.43 2634.69 2871.43 2634.69 2987.76 2318.37 2987.76 normal 0
