468.37 746.94 717.35 746.94 717.35 879.59 468.37 879.59 wave 0
1323.47 777.55 1545.92 777.55 1545.92 912.24 1323.47 912.24 wave 0
2186.74 808.16 2425.51 808.16 2425.51 944.90 2186.74 944.90 wave 0
469.70 1819.70 687.48 1819.70 687.48 1943.38 469.70 1943.38 wave 0
1301.02 1840.82 1512.12 1840.82 1512.12 1969.70 1301.02 1969.70 wave 0
2139.80 1874.24 2340.91 1874.24 2340.91 1997.96 2139.80 1997.96 wave 0
482.65 2800.00 694.90 2800.00 694.90 2916.33 482.65 2916.33 wave 0
1282.65 2830.61 1478.57 2830.61 1478.57 2948.98 1282.65 2948.98 wave 0
2084.69 2859.18 2296.94 2859.18 2296.94 2985.72 2084.69 2985.72 wave 0
722.73 763.64 1015.15 763.64 1015.15 895.46 722.73 895.46 normal 0
1556.06 790.91 1857.58 790.91 1857.58 918.18 1556.06 918.18 normal 0
2433.33 813.64 2722.73 813.64 2722.73 940.91 2433.33 940.91 normal 0
689.39 1828.79 981.82 1828.79 981.82 1940.91 689.39 1940.91 normal 0
1516.67 1859.09 1831.82 1859.09 1831.82 1977.27 1516.67 1977.27 normal 0
2348.48 1887.88 2680.30 1887.88 2680.30 2001.52 2348.48 2001.52 normal 0
693.94 2812.12 972.73 2812.12 972.73 2916.67 693.94 2916.67 normal 0
1486.37 2845.46 1783.33 2845.46 1783.33 2957.58 1486.37 2957.58 normal 0
2303.03 2878.79 2606.06 2878.79 2606.06 2990.91 2303.03 2990.91 normal 0
