474.17 751.67 682.50 751.67 682.50 893.33 474.17 893.33 wave 0
1325.83 778.33 1537.50 778.33 1537.50 915.00 1325.83 915.00 wave 0
2187.50 803.33 2419.17 803.33 2419.17 941.67 2187.50 941.67 wave 0
477.50 1810.00 692.50 1810.00 692.50 1941.67 477.50 1941.67 wave 0
1304.17 1845.00 1505.83 1845.00 1505.83 1970.00 1304.17 1970.00 wave 0
2134.17 1871.67 2354.17 1871.67 2354.17 2001.67 2134.17 2001.67 wave 0
484.17 2798.33 695.83 2798.33 695.83 2921.67 484.17 2921.67 wave 0
1279.17 2835.00 1500.83 2835.00 1500.83 2955.00 1279.17 2955.00 wave 0
2085.83 2865.00 2300.83 2865.00 2300.83 2988.33 2085.83 2988.33 wave 0
694.70 763.64 993.18 763.64 993.18 893.94 694.70 893.94 normal 0
1540.15 787.88 1856.82 787.88 1856.82 919.70 1540.15 919.70 normal 0
2429.54 813.64 2732.58 813.64 2732.58 946.97 2429.54 946.97 normal 0
2359.85 1883.33 2667.42 1883.33 2667.42 2007.58 2359.85 2007.58 normal 0
1515.91 1851.52 1799.24 1851.52 1799.24 1980.30 1515.91 1980.30 normal 0
693.18 1821.21 981.06 1821.21 981.06 1939.39 693.18 1939.39 normal 0
691.67 2807.58 961.37 2807.58 961.37 2931.82 691.67 2931.82 normal 0
1503.79 2836.36 1785.61 2836.36 1785.61 2965.15 1503.79 2965.15 normal 0
2305.30 2872.73 2600.76 2872.73 2600.76 2990.91 2305.30 2990.91 normal 0
