284.54 831.42 407.46 831.42 407.46 968.92 284.54 968.92 wave 0
1480.63 833.75 1598.98 833.75 1598.98 971.43 1480.63 971.43 wave 0
369.79 2975.00 486.46 2975.00 486.46 3087.50 369.79 3087.50 wave 0
296.96 3110.50 413.62 3110.50 413.62 3223.00 296.96 3223.00 wave 0
447.04 3110.58 563.71 3110.58 563.71 3223.08 447.04 3223.08 wave 0
1511.71 2985.67 1628.38 2985.67 1628.38 3098.17 1511.71 3098.17 wave 0
1430.54 3121.17 1547.21 3121.17 1547.21 3233.67 1430.54 3233.67 wave 0
1576.46 3125.42 1693.12 3125.42 1693.12 3237.92 1576.46 3237.92 wave 0
1560.20 685.72 1674.49 685.72 1674.49 812.24 1560.20 812.24 wave 0
1405.10 687.76 1521.43 687.76 1521.43 808.16 1405.10 808.16 wave 0
354.08 689.80 476.53 689.80 476.53 816.33 354.08 816.33 wave 0
194.90 689.80 321.43 689.80 321.43 816.33 194.90 816.33 wave 0
