2646.23 1877.36 2765.09 1877.36 2765.09 1992.45 2646.23 1992.45 wave 0
2564.98 2031.96 2683.85 2031.96 2683.85 2147.06 2564.98 2147.06 wave 0
2710.15 2026.19 2829.02 2026.19 2829.02 2141.28 2710.15 2141.28 wave 0
2617.58 2994.00 2736.45 2994.00 2736.45 3109.10 2617.58 3109.10 wave 0
2534.45 3127.85 2653.32 3127.85 2653.32 3242.94 2534.45 3242.94 wave 0
1406.48 681.48 1517.59 681.48 1517.59 814.82 1406.48 814.82 wave 0
1562.04 674.08 1676.85 674.08 1676.85 807.41 1562.04 807.41 wave 0
1471.30 840.74 1595.37 840.74 1595.37 975.92 1471.30 975.92 wave 0
2613.92 677.22 2730.38 677.22 2730.38 802.53 2613.92 802.53 normal 0
2775.95 675.95 2896.20 675.95 2896.20 801.26 2775.95 801.26 normal 0
2686.08 843.04 2808.86 843.04 2808.86 963.29 2686.08 963.29 wave 0
2686.90 3130.95 2804.76 3130.95 2804.76 3238.10 2686.90 3238.10 wave 0
