1432.45 782.46 1579.82 782.46 1579.82 933.33 1432.45 933.33 hole 0
1434.57 983.95 1571.60 983.95 1571.60 1120.99 1434.57 1120.99 normal 0
1429.47 1171.80 1569.82 1171.80 1569.82 1315.66 1429.47 1315.66 normal 0
1430.70 1354.38 1567.54 1354.38 1567.54 1492.98 1430.70 1492.98 normal 0
2750.00 800.00 2885.09 800.00 2885.09 943.86 2750.00 943.86 ballL 0
2546.49 994.74 2676.32 994.74 2676.32 1138.60 2546.49 1138.60 hole 0
2353.51 1184.21 2486.84 1184.21 2486.84 1324.56 2353.51 1324.56 hole 0
2158.77 1368.42 2293.86 1368.42 2293.86 1507.02 2158.77 1507.02 hole 0
2134.21 2078.95 2264.03 2078.95 2264.03 2208.77 2134.21 2208.77 hole 0
2316.67 2082.46 2451.75 2082.46 2451.75 2210.53 2316.67 2210.53 hole 0
2499.12 2084.21 2628.95 2084.21 2628.95 2215.79 2499.12 2215.79 hole 0
2113.16 2757.90 2239.47 2757.90 2239.47 2877.19 2113.16 2877.19 hole 0
2281.58 2924.56 2409.65 2924.56 2409.65 3049.12 2281.58 3049.12 hole 0
2450.00 3096.49 2578.07 3096.49 2578.07 3219.30 2450.00 3219.30 ballL 0
2618.42 3263.16 2746.49 3263.16 2746.49 3382.46 2618.42 3382.46 ballL 0
1418.42 2915.79 1542.98 2915.79 1542.98 3042.10 1418.42 3042.10 hole 0
1414.91 3084.21 1539.47 3084.21 1539.47 3205.26 1414.91 3205.26 hole 0
1418.42 3252.63 1539.47 3252.63 1539.47 3366.67 1418.42 3366.67 hole 0
2681.58 2084.21 2813.16 2084.21 2813.16 2217.54 2681.58 2217.54 hole 0
770.65 1356.52 838.04 1356.52 838.04 1491.30 770.65 1491.30 hole 0
