125.88 771.76 263.53 771.76 263.53 922.35 125.88 922.35 ballL 0
321.18 974.12 460.00 974.12 460.00 1114.12 321.18 1114.12 hole 0
510.59 1164.70 651.76 1164.70 651.76 1300.00 510.59 1300.00 hole 0
707.06 1356.47 838.82 1356.47 838.82 1487.06 707.06 1487.06 hole 0
1435.29 792.94 1575.29 792.94 1575.29 930.59 1435.29 930.59 hole 0
170.59 2058.82 302.35 2058.82 302.35 2185.88 170.59 2185.88 hole 0
348.23 2060.00 484.71 2060.00 484.71 2190.59 348.23 2190.59 hole 0
531.76 2062.35 663.53 2062.35 663.53 2191.76 531.76 2191.76 hole 0
717.65 2063.53 849.41 2063.53 849.41 2191.76 717.65 2191.76 hole 0
725.88 2736.47 852.94 2736.47 852.94 2861.18 725.88 2861.18 hole 0
552.94 2905.88 681.18 2905.88 681.18 3028.24 552.94 3028.24 hole 0
383.53 3071.76 508.24 3071.76 508.24 3188.24 383.53 3188.24 hole 0
211.76 3232.94 338.82 3232.94 338.82 3350.59 211.76 3350.59 ballL 0
