129.33 803.42 256.48 803.42 256.48 920.37 129.33 920.37 normal 0
321.49 997.00 449.07 997.00 449.07 1111.11 321.49 1111.11 normal 0
516.13 1190.70 643.52 1190.70 643.52 1311.11 516.13 1311.11 normal 0
711.15 1378.99 821.29 1378.99 821.29 1492.59 711.15 1492.59 normal 0
168.72 2074.87 278.70 2074.87 278.70 2209.26 168.72 2209.26 normal 0
354.46 2081.28 465.74 2081.28 465.74 2200.00 354.46 2200.00 normal 0
538.24 2078.25 652.78 2078.25 652.78 2209.26 538.24 2209.26 normal 0
705.97 2083.78 839.30 2083.78 839.30 2213.19 705.97 2213.19 normal 0
550.00 2937.04 673.15 2937.04 673.15 3039.22 550.00 3039.22 normal 0
381.91 3094.44 493.52 3094.44 493.52 3201.43 381.91 3201.43 normal 0
212.75 3253.70 325.00 3253.70 325.00 3360.78 212.75 3360.78 normal 0
