137.96 797.86 254.63 797.86 254.63 924.08 137.96 924.08 normal 0
321.49 997.00 449.07 997.00 449.07 1116.67 321.49 1116.67 normal 0
521.69 1190.70 632.41 1190.70 632.41 1307.41 521.69 1307.41 normal 0
711.15 1378.99 830.56 1378.99 830.56 1498.15 711.15 1498.15 normal 0
168.72 2074.87 282.41 2074.87 282.41 2200.00 168.72 2200.00 normal 0
354.46 2081.28 469.44 2081.28 469.44 2211.11 354.46 2211.11 normal 0
538.24 2078.25 652.78 2078.25 652.78 2209.26 538.24 2209.26 normal 0
705.97 2083.78 839.30 2083.78 839.30 2213.19 705.97 2213.19 normal 0
550.00 2931.48 667.59 2931.48 667.59 3039.22 550.00 3039.22 normal 0
381.91 3082.88 502.14 3082.88 502.14 3201.43 381.91 3201.43 normal 0
212.75 3261.11 319.44 3261.11 319.44 3360.78 212.75 3360.78 normal 0
