1476.51 1274.44 1555.56 1274.44 1555.56 1334.92 1476.51 1334.92 wave 0
1656.67 1271.59 1738.10 1271.59 1738.10 1333.33 1656.67 1333.33 wave 0
1836.35 1273.18 1923.81 1273.18 1923.81 1334.92 1836.35 1334.92 wave 0
2024.29 1273.33 2103.17 1273.33 2103.17 1334.92 2024.29 1334.92 wave 0
1470.85 1461.02 1553.85 1461.02 1553.85 1519.23 1470.85 1519.23 wave 0
1654.20 1459.06 1737.50 1459.06 1737.50 1520.19 1654.20 1520.19 wave 0
1835.63 1459.06 1917.31 1459.06 1917.31 1521.15 1835.63 1521.15 wave 0
2016.19 1460.16 2101.92 1460.16 2101.92 1519.23 2016.19 1519.23 wave 0
1477.88 1755.77 1556.51 1755.77 1556.51 2020.00 1477.88 2020.00 ballL 0
1651.92 1754.81 1733.19 1754.81 1733.19 2022.86 1651.92 2022.86 ballL 0
1830.77 1755.77 1919.23 1755.77 1919.23 2025.00 1830.77 2025.00 ballL 0
2015.38 1758.65 2098.08 1758.65 2098.08 2023.08 2015.38 2023.08 ballL 0
1479.81 2196.15 1560.36 2196.15 1560.36 2445.72 1479.81 2445.72 ballL 0
1658.65 2194.23 1736.04 2194.23 1736.04 2447.17 1658.65 2447.17 ballL 0
1834.61 2202.88 1910.80 2202.88 1910.80 2447.14 1834.61 2447.14 ballL 0
2012.50 2197.12 2088.90 2197.12 2088.90 2447.64 2012.50 2447.64 ballL 0
