1471.76 1275.30 1555.56 1275.30 1555.56 1334.92 1471.76 1334.92 wave 0
1654.12 1272.94 1738.31 1272.94 1738.31 1337.01 1654.12 1337.01 wave 0
1836.35 1273.18 1923.38 1273.18 1923.38 1334.42 1836.35 1334.42 wave 0
2019.74 1273.98 2103.25 1273.98 2103.25 1335.72 2019.74 1335.72 wave 0
1470.85 1461.02 1553.85 1461.02 1553.85 1519.23 1470.85 1519.23 wave 0
1654.20 1459.06 1737.50 1459.06 1737.50 1520.19 1654.20 1520.19 wave 0
1835.63 1459.06 1918.18 1459.06 1918.18 1522.73 1835.63 1522.73 wave 0
2016.19 1460.16 2102.60 1460.16 2102.60 1520.78 2016.19 1520.78 wave 0
1477.88 1755.77 1559.13 1755.77 1559.13 2022.61 1477.88 2022.61 ballL 0
1649.57 1757.39 1733.19 1757.39 1733.19 2022.86 1649.57 2022.86 ballL 0
1830.77 1755.77 1919.23 1755.77 1919.23 2025.00 1830.77 2025.00 ballL 0
2012.17 1758.26 2095.65 1758.26 2095.65 2024.35 2012.17 2024.35 ballL 0
1479.81 2196.15 1561.74 2196.15 1561.74 2446.09 1479.81 2446.09 ballL 0
1656.52 2195.65 1737.65 2195.65 1737.65 2449.41 1656.52 2449.41 ballL 0
1832.94 2197.65 1913.91 2197.65 1913.91 2451.30 1832.94 2451.30 ballL 0
2008.69 2194.78 2090.44 2194.78 2090.44 2451.30 2008.69 2451.30 ballL 0
