276.56 846.00 402.78 846.00 402.78 968.52 276.56 968.52 wave 0
1479.82 841.85 1606.04 841.85 1606.04 964.37 1479.82 964.37 wave 0
373.15 2969.48 483.67 2969.48 483.67 3090.74 373.15 3090.74 wave 0
306.33 3108.22 416.85 3108.22 416.85 3229.48 306.33 3229.48 wave 0
439.52 3117.33 565.74 3117.33 565.74 3233.33 439.52 3233.33 wave 0
1424.58 3117.18 1550.00 3117.18 1550.00 3238.98 1424.58 3238.98 wave 0
1574.41 3118.89 1700.92 3118.89 1700.92 3238.89 1574.41 3238.89 wave 0
1510.19 2983.33 1629.22 2983.33 1629.22 3097.41 1510.19 3097.41 wave 0
352.04 682.59 478.26 682.59 478.26 805.11 352.04 805.11 wave 0
1559.45 684.44 1685.67 684.44 1685.67 806.96 1559.45 806.96 wave 0
1392.78 688.15 1519.00 688.15 1519.00 810.67 1392.78 810.67 wave 0
192.37 684.74 317.80 684.74 317.80 815.26 192.37 815.26 wave 0
