1379.93 1270.13 1462.75 1270.13 1462.75 1341.18 1379.93 1341.18 wave 0
1559.79 1271.43 1645.75 1271.43 1645.75 1339.36 1559.79 1339.36 wave 0
1744.87 1268.80 1830.85 1268.80 1830.85 1339.36 1744.87 1339.36 wave 0
1926.69 1270.79 2011.76 1270.79 2011.76 1337.26 1926.69 1337.26 wave 0
1381.23 1456.48 1468.63 1456.48 1468.63 1531.37 1381.23 1531.37 wave 0
1563.05 1453.22 1647.06 1453.22 1647.06 1529.41 1563.05 1529.41 wave 0
1746.83 1455.82 1831.37 1455.82 1831.37 1527.45 1746.83 1527.45 wave 0
1928.65 1455.18 2012.77 1455.18 2012.77 1526.60 1928.65 1526.60 wave 0
1387.01 1751.95 1470.21 1751.95 1470.21 2023.40 1387.01 2023.40 ballS 0
1563.64 1759.74 1644.16 1759.74 1644.16 2027.27 1563.64 2027.27 ballS 0
1745.45 1754.54 1824.67 1754.54 1824.67 2019.48 1745.45 2019.48 ballS 0
1925.97 1757.14 2007.45 1757.14 2007.45 2020.21 1925.97 2020.21 ballS 0
1392.21 2194.80 1471.43 2194.80 1471.43 2448.05 1392.21 2448.05 ballL 0
1567.53 2193.51 1648.05 2193.51 1648.05 2449.35 1567.53 2449.35 ballL 0
1744.16 2189.61 1825.53 2189.61 1825.53 2451.06 1744.16 2451.06 ballL 0
1922.08 2196.10 2006.49 2196.10 2006.49 2450.65 1922.08 2450.65 ballS 0
