1379.93 1270.13 1463.48 1270.13 1463.48 1336.52 1379.93 1336.52 wave 0
1559.79 1271.43 1647.82 1271.43 1647.82 1337.39 1559.79 1337.39 wave 0
1744.87 1268.80 1828.70 1268.80 1828.70 1339.13 1744.87 1339.13 wave 0
1926.69 1270.79 2012.17 1270.79 2012.17 1338.26 1926.69 1338.26 wave 0
1381.23 1456.48 1466.96 1456.48 1466.96 1529.56 1381.23 1529.56 wave 0
1562.61 1456.52 1646.09 1456.52 1646.09 1526.09 1562.61 1526.09 wave 0
1746.83 1455.82 1830.44 1455.82 1830.44 1526.96 1746.83 1526.96 wave 0
1928.65 1455.18 2013.04 1455.18 2013.04 1526.09 1928.65 1526.09 wave 0
1387.01 1751.95 1468.69 1751.95 1468.69 2023.48 1387.01 2023.48 ballS 0
1563.64 1759.74 1646.09 1759.74 1646.09 2022.61 1563.64 2022.61 ballS 0
1743.48 1759.13 1825.22 1759.13 1825.22 2019.13 1743.48 2019.13 ballS 0
1925.97 1757.14 2005.22 1757.14 2005.22 2020.87 1925.97 2020.87 ballS 0
1392.21 2194.80 1471.43 2194.80 1471.43 2448.05 1392.21 2448.05 ballL 0
1567.53 2193.51 1648.05 2193.51 1648.05 2449.35 1567.53 2449.35 ballL 0
1744.16 2189.61 1825.22 2189.61 1825.22 2451.30 1744.16 2451.30 ballL 0
1922.08 2196.10 2003.48 2196.10 2003.48 2451.30 1922.08 2451.30 ballS 0
