1379.93 1270.13 1464.42 1270.13 1464.42 1335.58 1379.93 1335.58 wave 0
1559.79 1271.43 1648.08 1271.43 1648.08 1337.50 1559.79 1337.50 wave 0
1744.87 1270.73 1829.81 1270.73 1829.81 1335.58 1744.87 1335.58 wave 0
1926.69 1270.79 2011.76 1270.79 2011.76 1337.26 1926.69 1337.26 wave 0
1380.27 1458.40 1466.35 1458.40 1466.35 1524.04 1380.27 1524.04 wave 0
1563.05 1458.03 1645.19 1458.03 1645.19 1521.15 1563.05 1521.15 wave 0
1747.79 1458.70 1831.73 1458.70 1831.73 1524.04 1747.79 1524.04 wave 0
1927.69 1458.07 2009.62 1458.07 2009.62 1525.96 1927.69 1525.96 wave 0
1387.01 1751.95 1466.35 1751.95 1466.35 2022.12 1387.01 2022.12 ballS 0
1563.64 1759.74 1644.23 1759.74 1644.23 2024.04 1563.64 2024.04 ballS 0
1745.45 1754.54 1824.67 1754.54 1824.67 2019.48 1745.45 2019.48 ballS 0
1925.97 1757.14 2008.65 1757.14 2008.65 2023.08 1925.97 2023.08 ballS 0
1392.21 2194.80 1471.43 2194.80 1471.43 2448.05 1392.21 2448.05 ballL 0
1567.53 2193.51 1648.05 2193.51 1648.05 2449.35 1567.53 2449.35 ballL 0
1744.16 2189.61 1826.92 2189.61 1826.92 2448.08 1744.16 2448.08 ballL 0
1922.08 2196.10 2000.96 2196.10 2000.96 2448.08 1922.08 2448.08 ballS 0
