1379.93 1270.13 1461.74 1270.13 1461.74 1337.39 1379.93 1337.39 wave 0
1559.79 1271.43 1645.22 1271.43 1645.22 1334.78 1559.79 1334.78 wave 0
1744.87 1268.80 1828.70 1268.80 1828.70 1334.78 1744.87 1334.78 wave 0
1926.69 1270.79 2012.17 1270.79 2012.17 1335.65 1926.69 1335.65 wave 0
1380.36 1457.35 1467.83 1457.35 1467.83 1526.96 1380.36 1526.96 wave 0
1562.18 1458.44 1649.57 1458.44 1649.57 1526.96 1562.18 1526.96 wave 0
1746.83 1458.43 1829.57 1458.43 1829.57 1523.48 1746.83 1523.48 wave 0
1929.52 1458.66 2013.04 1458.66 2013.04 1524.35 1929.52 1524.35 wave 0
1385.22 1757.39 1467.53 1757.39 1467.53 2027.27 1385.22 2027.27 ballS 0
1563.48 1759.13 1644.16 1759.13 1644.16 2027.27 1563.48 2027.27 ballS 0
1746.09 1757.39 1823.48 1757.39 1823.48 2021.74 1746.09 2021.74 ballS 0
1925.97 1757.14 2008.69 1757.14 2008.69 2025.22 1925.97 2025.22 ballS 0
1392.21 2194.80 1471.43 2194.80 1471.43 2448.05 1392.21 2448.05 ballL 0
1567.53 2193.51 1648.05 2193.51 1648.05 2449.35 1567.53 2449.35 ballL 0
1744.16 2189.61 1827.83 2189.61 1827.83 2449.56 1744.16 2449.56 ballL 0
1922.61 2195.65 2004.35 2195.65 2004.35 2450.44 1922.61 2450.44 ballS 0
