1017.14 1108.57 1140.62 1108.57 1140.62 1228.91 1017.14 1228.91 ballL 0
1455.65 1108.70 1577.39 1108.70 1577.39 1231.30 1455.65 1231.30 ballL 0
1022.86 1371.43 1145.71 1371.43 1145.71 1492.86 1022.86 1492.86 ballL 0
1455.65 1375.65 1577.14 1375.65 1577.14 1495.72 1455.65 1495.72 ballL 0
1026.96 1632.17 1144.31 1632.17 1144.31 1750.30 1026.96 1750.30 ballL 0
1455.29 1632.94 1572.94 1632.94 1572.94 1754.12 1455.29 1754.12 ballL 0
1032.17 1886.96 1148.23 1886.96 1148.23 2002.35 1032.17 2002.35 ballL 0
1454.12 1888.24 1575.29 1888.24 1575.29 2007.06 1454.12 2007.06 ballL 0
1033.01 2142.03 1151.43 2142.03 1151.43 2255.72 1033.01 2255.72 ballL 0
1456.52 2144.35 1575.71 2144.35 1575.71 2258.57 1456.52 2258.57 ballL 0
1041.40 2386.72 1157.03 2386.72 1157.03 2498.44 1041.40 2498.44 ballL 0
1458.26 2392.17 1572.66 2392.17 1572.66 2504.69 1458.26 2504.69 ballL 0
