1017.14 1108.57 1139.29 1108.57 1139.29 1228.57 1017.14 1228.57 ballL 0
1454.29 1110.00 1577.14 1110.00 1577.14 1230.00 1454.29 1230.00 ballL 0
1022.86 1372.14 1145.00 1372.14 1145.00 1493.57 1022.86 1493.57 ballL 0
1453.57 1372.86 1577.14 1372.86 1577.14 1495.72 1453.57 1495.72 ballL 0
1024.71 1631.76 1145.88 1631.76 1145.88 1752.94 1024.71 1752.94 ballL 0
1452.86 1635.72 1575.00 1635.72 1575.00 1755.00 1452.86 1755.00 ballL 0
1030.71 1887.86 1150.00 1887.86 1150.00 2002.86 1030.71 2002.86 ballL 0
1453.57 1890.72 1576.43 1890.72 1576.43 2010.72 1453.57 2010.72 ballL 0
1034.29 2143.57 1151.43 2143.57 1151.43 2255.72 1034.29 2255.72 ballL 0
1453.57 2142.14 1575.71 2142.14 1575.71 2258.57 1453.57 2258.57 ballL 0
1038.83 2385.88 1156.47 2385.88 1156.47 2498.82 1038.83 2498.82 ballL 0
1455.80 2390.84 1575.71 2390.84 1575.71 2502.14 1455.80 2502.14 ballL 0
