1017.14 1108.57 1141.18 1108.57 1141.18 1230.59 1017.14 1230.59 ballL 0
1455.29 1110.59 1577.65 1110.59 1577.65 1232.94 1455.29 1232.94 ballL 0
1022.86 1371.43 1142.35 1371.43 1142.35 1494.12 1022.86 1494.12 ballL 0
1454.12 1374.12 1577.78 1374.12 1577.78 1494.44 1454.12 1494.44 ballL 0
1027.19 1633.77 1145.88 1633.77 1145.88 1752.94 1027.19 1752.94 ballL 0
1455.29 1632.94 1574.12 1632.94 1574.12 1754.12 1455.29 1754.12 ballL 0
1030.95 1890.48 1149.41 1890.48 1149.41 2007.06 1030.95 2007.06 ballL 0
1454.12 1888.24 1576.47 1888.24 1576.47 2010.59 1454.12 2010.59 ballL 0
1034.12 2141.18 1154.12 2141.18 1154.12 2254.12 1034.12 2254.12 ballL 0
1455.29 2144.70 1577.65 2144.70 1577.65 2260.00 1455.29 2260.00 ballL 0
1038.83 2385.88 1156.47 2385.88 1156.47 2498.82 1038.83 2498.82 ballL 0
1456.47 2390.59 1575.29 2390.59 1575.29 2505.88 1456.47 2505.88 ballL 0
