1169.27 1192.61 1294.48 1192.61 1294.48 1314.63 1169.27 1314.63 ballL 0
1510.64 1190.42 1637.24 1190.42 1637.24 1315.96 1510.64 1315.96 ballL 0
1172.86 1452.28 1295.74 1452.28 1295.74 1577.66 1172.86 1577.66 ballL 0
1509.94 1456.90 1635.65 1456.90 1635.65 1579.76 1509.94 1579.76 ballL 0
1175.77 1674.32 1300.00 1674.32 1300.00 1794.68 1175.77 1794.68 ballL 0
1511.70 1679.79 1632.98 1679.79 1632.98 1797.87 1511.70 1797.87 ballL 0
1177.66 1893.62 1302.13 1893.62 1302.13 2013.83 1177.66 2013.83 ballL 0
1512.63 1897.81 1632.98 1897.81 1632.98 2020.21 1512.63 2020.21 ballL 0
1180.88 2114.37 1301.06 2114.37 1301.06 2225.53 1180.88 2225.53 ballL 0
1514.64 2114.58 1632.98 2114.58 1632.98 2229.79 1514.64 2229.79 ballL 0
1185.63 2326.31 1303.28 2326.31 1303.28 2439.25 1185.63 2439.25 ballL 0
1514.64 2329.84 1632.98 2329.84 1632.98 2443.62 1514.64 2443.62 ballL 0
