1017.51 1109.08 1142.71 1109.08 1142.71 1231.10 1017.51 1231.10 ballL 0
1452.99 1108.07 1579.59 1108.07 1579.59 1233.60 1452.99 1233.60 ballL 0
1021.09 1371.10 1143.98 1371.10 1143.98 1496.48 1021.09 1496.48 ballL 0
1452.29 1371.02 1578.01 1371.02 1578.01 1493.88 1452.29 1493.88 ballL 0
1025.88 1631.76 1148.23 1631.76 1148.23 1751.15 1025.88 1751.15 ballL 0
1451.70 1632.73 1577.65 1632.73 1577.65 1755.30 1451.70 1755.30 ballL 0
1028.25 1887.74 1150.59 1887.74 1150.59 2008.24 1028.25 2008.24 ballL 0
1454.98 1890.75 1577.65 1890.75 1577.65 2010.59 1454.98 2010.59 ballL 0
1032.64 2137.90 1152.94 2137.90 1152.94 2255.30 1032.64 2255.30 ballL 0
1455.82 2141.64 1575.29 2141.64 1575.29 2260.00 1455.82 2260.00 ballL 0
1038.83 2385.88 1158.83 2385.88 1158.83 2501.18 1038.83 2501.18 ballL 0
1455.82 2391.01 1577.65 2391.01 1577.65 2505.88 1455.82 2505.88 ballL 0
