1016.35 1108.65 1142.31 1108.65 1142.31 1230.77 1016.35 1230.77 ballL 0
1021.15 1372.12 1145.19 1372.12 1145.19 1495.19 1021.15 1495.19 ballL 0
1453.85 1108.65 1579.81 1108.65 1579.81 1232.69 1453.85 1232.69 ballL 0
1452.88 1372.12 1577.89 1372.12 1577.89 1498.08 1452.88 1498.08 ballL 0
1023.08 1632.69 1149.04 1632.69 1149.04 1753.85 1023.08 1753.85 ballL 0
1451.92 1633.65 1575.00 1633.65 1575.00 1754.81 1451.92 1754.81 ballL 0
1028.85 1886.54 1149.04 1886.54 1149.04 2006.73 1028.85 2006.73 ballL 0
1451.92 1888.46 1575.96 1888.46 1575.96 2011.54 1451.92 2011.54 ballL 0
1033.65 2138.46 1152.88 2138.46 1152.88 2256.73 1033.65 2256.73 ballL 0
1454.81 2144.23 1577.89 2144.23 1577.89 2261.54 1454.81 2261.54 ballL 0
1039.42 2386.54 1157.69 2386.54 1157.69 2500.96 1039.42 2500.96 ballL 0
1453.85 2391.35 1576.92 2391.35 1576.92 2504.81 1453.85 2504.81 ballL 0
