1018.26 1109.56 1140.87 1109.56 1140.87 1231.30 1018.26 1231.30 ballL 0
1020.87 1372.17 1143.48 1372.17 1143.48 1493.91 1020.87 1493.91 ballL 0
1453.85 1108.65 1576.52 1108.65 1576.52 1232.17 1453.85 1232.17 ballL 0
1452.88 1372.12 1576.52 1372.12 1576.52 1494.78 1452.88 1494.78 ballL 0
1025.22 1633.04 1146.09 1633.04 1146.09 1750.44 1025.22 1750.44 ballL 0
1451.92 1633.65 1575.00 1633.65 1575.00 1754.81 1451.92 1754.81 ballL 0
1028.85 1886.54 1149.04 1886.54 1149.04 2006.73 1028.85 2006.73 ballL 0
1454.78 1890.44 1575.96 1890.44 1575.96 2011.54 1454.78 2011.54 ballL 0
1035.39 2138.46 1152.17 2138.46 1152.17 2253.91 1035.39 2253.91 ballL 0
1454.81 2144.23 1576.52 2144.23 1576.52 2259.13 1454.81 2259.13 ballL 0
1039.42 2386.54 1157.69 2386.54 1157.69 2500.96 1039.42 2500.96 ballL 0
1453.85 2391.35 1576.92 2391.35 1576.92 2504.81 1453.85 2504.81 ballL 0
