1170.31 1191.19 1296.28 1191.19 1296.28 1313.31 1170.31 1313.31 ballL 0
1169.23 1453.85 1293.27 1453.85 1293.27 1576.92 1169.23 1576.92 ballL 0
1509.40 1191.19 1636.51 1191.19 1636.51 1317.46 1509.40 1317.46 ballL 0
1507.94 1455.56 1638.10 1455.56 1638.10 1577.78 1507.94 1577.78 ballL 0
1174.04 1674.04 1300.00 1674.04 1300.00 1795.19 1174.04 1795.19 ballL 0
1513.46 1680.77 1634.62 1680.77 1634.62 1800.00 1513.46 1800.00 ballL 0
1178.85 1895.19 1299.04 1895.19 1299.04 2015.38 1178.85 2015.38 ballL 0
1517.31 1898.08 1631.73 1898.08 1631.73 2019.23 1517.31 2019.23 ballL 0
1179.81 2112.50 1299.04 2112.50 1299.04 2230.77 1179.81 2230.77 ballL 0
1512.50 2116.35 1632.69 2116.35 1632.69 2231.73 1512.50 2231.73 ballL 0
1185.58 2325.96 1303.85 2325.96 1303.85 2441.35 1185.58 2441.35 ballL 0
1513.46 2327.88 1633.65 2327.88 1633.65 2445.19 1513.46 2445.19 ballL 0
