1016.20 1107.66 1142.16 1107.66 1142.16 1229.78 1016.20 1229.78 ballL 0
1022.17 1371.49 1146.21 1371.49 1146.21 1494.57 1022.17 1494.57 ballL 0
1454.11 1107.66 1578.83 1107.66 1578.83 1232.94 1454.11 1232.94 ballL 0
1453.82 1373.20 1581.18 1373.20 1581.18 1496.47 1453.82 1496.47 ballL 0
1023.45 1632.86 1149.41 1632.86 1149.41 1754.02 1023.45 1754.02 ballL 0
1452.29 1633.71 1577.65 1633.71 1577.65 1756.47 1452.29 1756.47 ballL 0
1029.43 1885.78 1149.63 1885.78 1149.63 2005.97 1029.43 2005.97 ballL 0
1452.60 1888.66 1576.47 1888.66 1576.47 2014.12 1452.60 2014.12 ballL 0
1033.93 2138.38 1153.15 2138.38 1153.15 2256.65 1033.93 2256.65 ballL 0
1454.85 2139.88 1577.65 2139.88 1577.65 2260.00 1454.85 2260.00 ballL 0
1039.69 2387.14 1157.65 2387.14 1157.65 2500.00 1039.69 2500.00 ballL 0
1455.81 2390.24 1577.65 2390.24 1577.65 2504.70 1455.81 2504.70 ballL 0
