1170.48 1190.52 1297.14 1190.52 1297.14 1314.28 1170.48 1314.28 ballL 0
1175.03 1451.49 1299.07 1451.49 1299.07 1574.57 1175.03 1574.57 ballL 0
1512.68 1190.52 1638.57 1190.52 1638.57 1317.14 1512.68 1317.14 ballL 0
1510.96 1453.20 1637.14 1453.20 1637.14 1578.57 1510.96 1578.57 ballL 0
1173.45 1675.72 1299.41 1675.72 1299.41 1796.87 1173.45 1796.87 ballL 0
1512.28 1676.57 1637.65 1676.57 1637.65 1799.33 1512.28 1799.33 ballL 0
1178.01 1894.35 1298.20 1894.35 1298.20 2014.54 1178.01 2014.54 ballL 0
1515.46 1898.66 1634.29 1898.66 1634.29 2015.72 1515.46 2015.72 ballL 0
1182.50 2111.24 1301.73 2111.24 1301.73 2229.51 1182.50 2229.51 ballL 0
1513.42 2117.02 1632.86 2117.02 1632.86 2231.43 1513.42 2231.43 ballL 0
1183.98 2322.85 1302.86 2322.85 1302.86 2438.57 1183.98 2438.57 ballL 0
1514.38 2328.81 1632.86 2328.81 1632.86 2444.28 1514.38 2444.28 ballL 0
