1016.10 1108.06 1142.76 1108.06 1142.76 1231.83 1016.10 1231.83 ballL 0
1020.64 1370.79 1144.68 1370.79 1144.68 1493.87 1020.64 1493.87 ballL 0
1452.94 1108.24 1577.65 1108.24 1577.65 1232.94 1452.94 1232.94 ballL 0
1455.29 1374.12 1580.00 1374.12 1580.00 1494.12 1455.29 1494.12 ballL 0
1026.08 1631.86 1145.88 1631.86 1145.88 1751.76 1026.08 1751.76 ballL 0
1450.88 1634.46 1576.24 1634.46 1576.24 1757.22 1450.88 1757.22 ballL 0
1030.59 1888.24 1149.08 1888.24 1149.08 2005.77 1030.59 2005.77 ballL 0
1454.05 1888.14 1577.17 1888.14 1577.17 2009.45 1454.05 2009.45 ballL 0
1034.65 2139.37 1151.18 2139.37 1151.18 2255.90 1034.65 2255.90 ballL 0
1455.53 2143.34 1576.38 2143.34 1576.38 2258.27 1455.53 2258.27 ballL 0
1037.79 2387.76 1158.27 2387.76 1158.27 2500.79 1037.79 2500.79 ballL 0
1456.49 2391.97 1575.59 2391.97 1575.59 2504.72 1456.49 2504.72 ballL 0
