1016.10 1108.06 1142.76 1108.06 1142.76 1231.83 1016.10 1231.83 ballL 0
1020.64 1370.79 1144.68 1370.79 1144.68 1493.87 1020.64 1493.87 ballL 0
1452.94 1108.24 1577.65 1108.24 1577.65 1232.94 1452.94 1232.94 ballL 0
1455.29 1374.12 1576.60 1374.12 1576.60 1495.74 1455.29 1495.74 ballL 0
1026.08 1631.86 1145.88 1631.86 1145.88 1751.76 1026.08 1751.76 ballL 0
1453.01 1633.40 1578.72 1633.40 1578.72 1754.26 1453.01 1754.26 ballL 0
1030.59 1888.24 1149.08 1888.24 1149.08 2005.77 1030.59 2005.77 ballL 0
1454.05 1888.14 1580.70 1888.14 1580.70 2012.28 1454.05 2012.28 ballL 0
1034.04 2141.49 1150.85 2141.49 1150.85 2255.82 1034.04 2255.82 ballL 0
1455.53 2143.34 1574.96 2143.34 1574.96 2257.74 1455.53 2257.74 ballL 0
1037.79 2387.76 1156.38 2387.76 1156.38 2500.00 1037.79 2500.00 ballL 0
1456.49 2391.97 1573.40 2391.97 1573.40 2504.26 1456.49 2504.26 ballL 0
