1017.54 1107.02 1142.76 1107.02 1142.76 1231.83 1017.54 1231.83 ballL 0
1020.64 1370.79 1144.68 1370.79 1144.68 1493.87 1020.64 1493.87 ballL 0
1452.94 1108.24 1577.65 1108.24 1577.65 1232.94 1452.94 1232.94 ballL 0
1455.29 1374.12 1580.00 1374.12 1580.00 1494.12 1455.29 1494.12 ballL 0
1026.08 1631.86 1145.88 1631.86 1145.88 1751.76 1026.08 1751.76 ballL 0
1453.24 1633.28 1578.60 1633.28 1578.60 1756.04 1453.24 1756.04 ballL 0
1030.59 1888.24 1149.08 1888.24 1149.08 2005.77 1030.59 2005.77 ballL 0
1454.05 1888.14 1577.65 1888.14 1577.65 2009.41 1454.05 2009.41 ballL 0
1035.29 2136.47 1154.12 2136.47 1154.12 2255.30 1035.29 2255.30 ballL 0
1455.53 2143.34 1574.96 2143.34 1574.96 2257.74 1455.53 2257.74 ballL 0
1037.79 2387.76 1157.65 2387.76 1157.65 2501.18 1037.79 2501.18 ballL 0
1456.49 2391.97 1574.12 2391.97 1574.12 2505.88 1456.49 2505.88 ballL 0
