1017.36 1107.56 1142.86 1107.56 1142.86 1232.86 1017.36 1232.86 ballL 0
1020.22 1373.82 1142.86 1373.82 1142.86 1497.14 1020.22 1497.14 ballL 0
1453.45 1109.16 1578.15 1109.16 1578.15 1233.86 1453.45 1233.86 ballL 0
1452.69 1372.18 1578.57 1372.18 1578.57 1495.72 1452.69 1495.72 ballL 0
1025.91 1631.78 1147.14 1631.78 1147.14 1748.57 1025.91 1748.57 ballL 0
1453.74 1633.45 1575.80 1633.45 1575.80 1753.11 1453.74 1753.11 ballL 0
1028.32 1887.40 1154.29 1887.40 1154.29 2005.72 1028.32 2005.72 ballL 0
1452.63 1888.48 1571.51 1888.48 1571.51 2007.40 1452.63 2007.40 ballL 0
1035.21 2141.26 1154.29 2141.26 1154.29 2257.14 1035.21 2257.14 ballL 0
1454.10 2141.74 1577.14 2141.74 1577.14 2260.00 1454.10 2260.00 ballL 0
1038.21 2383.98 1157.14 2383.98 1157.14 2501.43 1038.21 2501.43 ballL 0
1455.99 2389.11 1578.57 2389.11 1578.57 2507.14 1455.99 2507.14 ballL 0
