1017.36 1107.56 1139.36 1107.56 1139.36 1230.85 1017.36 1230.85 ballL 0
1020.22 1373.82 1143.62 1373.82 1143.62 1493.62 1020.22 1493.62 ballL 0
1453.45 1109.16 1576.60 1109.16 1576.60 1232.98 1453.45 1232.98 ballL 0
1452.69 1372.18 1578.57 1372.18 1578.57 1495.72 1452.69 1495.72 ballL 0
1025.91 1631.78 1146.81 1631.78 1146.81 1752.13 1025.91 1752.13 ballL 0
1453.74 1633.45 1575.80 1633.45 1575.80 1753.11 1453.74 1753.11 ballL 0
1028.32 1887.40 1154.29 1887.40 1154.29 2005.72 1028.32 2005.72 ballL 0
1452.63 1888.48 1574.47 1888.48 1574.47 2008.51 1452.63 2008.51 ballL 0
1035.21 2141.26 1154.29 2141.26 1154.29 2257.14 1035.21 2257.14 ballL 0
1454.10 2141.74 1577.14 2141.74 1577.14 2260.00 1454.10 2260.00 ballL 0
1040.26 2385.72 1157.14 2385.72 1157.14 2501.43 1040.26 2501.43 ballL 0
1455.99 2389.11 1578.57 2389.11 1578.57 2507.14 1455.99 2507.14 ballL 0
