864.13 643.48 998.91 643.48 998.91 782.61 864.13 782.61 wave 0
1022.83 647.83 1192.39 647.83 1192.39 823.91 1022.83 823.91 wave 0
1370.65 645.65 1540.22 645.65 1540.22 815.22 1370.65 815.22 wave 0
1711.96 643.48 1883.70 643.48 1883.70 819.56 1711.96 819.56 wave 0
2066.30 743.48 2222.83 743.48 2222.83 895.65 2066.30 895.65 wave 0
875.00 934.78 1014.13 934.78 1014.13 1080.44 875.00 1080.44 wave 0
881.52 1223.91 1020.65 1223.91 1020.65 1354.35 881.52 1354.35 wave 0
892.39 1497.83 1025.00 1497.83 1025.00 1628.26 892.39 1628.26 wave 0
2046.74 1950.00 2192.39 1950.00 2192.39 2089.13 2046.74 2089.13 wave 0
2055.43 1360.87 2207.61 1360.87 2207.61 1504.35 2055.43 1504.35 wave 0
2061.96 1054.35 2214.13 1054.35 2214.13 1197.83 2061.96 1197.83 wave 0
2048.91 1660.87 2201.09 1660.87 2201.09 1802.17 2048.91 1802.17 wave 0
898.91 1776.09 1029.35 1776.09 1029.35 1900.00 898.91 1900.00 wave 0
1053.26 1871.74 1211.96 1871.74 1211.96 2028.26 1053.26 2028.26 wave 0
1379.35 1869.56 1538.04 1869.56 1538.04 2023.91 1379.35 2023.91 wave 0
1711.96 1867.39 1870.65 1867.39 1870.65 2028.26 1711.96 2028.26 wave 0
