864.28 644.44 1000.79 644.44 1000.79 779.36 864.28 779.36 wave 0
1018.25 647.62 1194.44 647.62 1194.44 819.05 1018.25 819.05 wave 0
872.22 939.68 1007.14 939.68 1007.14 1073.02 872.22 1073.02 wave 0
881.74 1223.81 1016.67 1223.81 1016.67 1357.14 881.74 1357.14 wave 0
891.27 1498.41 1023.01 1498.41 1023.01 1631.75 891.27 1631.75 wave 0
900.79 1769.84 1029.37 1769.84 1029.37 1896.82 900.79 1896.82 wave 0
2067.46 738.10 2219.84 738.10 2219.84 892.06 2067.46 892.06 wave 0
2061.11 1050.79 2213.49 1050.79 2213.49 1200.00 2061.11 1200.00 wave 0
2057.94 1361.90 2203.97 1361.90 2203.97 1507.94 2057.94 1507.94 wave 0
2050.00 1653.97 2197.62 1653.97 2197.62 1800.00 2050.00 1800.00 wave 0
1740.62 649.21 1840.63 649.21 1840.63 826.56 1740.62 826.56 normal 0
1368.06 647.22 1540.28 647.22 1540.28 816.67 1368.06 816.67 normal 0
