863.72 643.14 1002.94 643.14 1002.94 784.31 863.72 784.31 wave 0
1018.63 650.98 1185.29 650.98 1185.29 821.57 1018.63 821.57 wave 0
2069.61 737.26 2222.55 737.26 2222.55 890.20 2069.61 890.20 wave 0
2065.69 1052.94 2210.78 1052.94 2210.78 1198.04 2065.69 1198.04 wave 0
2053.92 1360.78 2204.90 1360.78 2204.90 1507.84 2053.92 1507.84 wave 0
2050.00 1656.86 2199.02 1656.86 2199.02 1801.96 2050.00 1801.96 wave 0
2048.04 1949.02 2187.26 1949.02 2187.26 2088.24 2048.04 2088.24 wave 0
873.53 941.18 1010.78 941.18 1010.78 1070.59 873.53 1070.59 wave 0
883.33 1219.61 1016.67 1219.61 1016.67 1358.82 883.33 1358.82 wave 0
891.18 1500.00 1024.51 1500.00 1024.51 1629.41 891.18 1629.41 wave 0
899.02 1770.59 1034.31 1770.59 1034.31 1900.00 899.02 1900.00 wave 0
1050.00 1868.63 1202.94 1868.63 1202.94 2025.49 1050.00 2025.49 wave 0
1359.53 647.62 1534.13 647.62 1534.13 817.46 1359.53 817.46 normal 0
1708.73 644.44 1883.33 644.44 1883.33 817.46 1708.73 817.46 normal 0
