1123.38 1525.98 1240.26 1525.98 1240.26 1640.26 1123.38 1640.26 wave 0
1128.57 1675.32 1241.56 1675.32 1241.56 1787.01 1128.57 1787.01 wave 0
838.96 1671.43 958.44 1671.43 958.44 1788.31 838.96 1788.31 wave 0
836.36 1527.27 951.95 1527.27 951.95 1642.86 836.36 1642.86 wave 0
827.18 1379.31 946.66 1379.31 946.66 1497.49 827.18 1497.49 wave 0
1404.81 1069.76 1527.89 1069.76 1527.89 1189.96 1404.81 1189.96 wave 0
1404.81 1225.96 1528.85 1225.96 1528.85 1342.31 1404.81 1342.31 wave 0
1409.62 1375.96 1526.92 1375.96 1526.92 1496.15 1409.62 1496.15 wave 0
1411.54 1528.85 1525.00 1528.85 1525.00 1638.46 1411.54 1638.46 wave 0
1410.75 1676.34 1526.88 1676.34 1526.88 1787.10 1410.75 1787.10 wave 0
1700.00 914.39 1821.58 914.39 1821.58 1037.41 1700.00 1037.41 wave 0
1700.72 1069.06 1820.86 1069.06 1820.86 1189.93 1700.72 1189.93 wave 0
1701.44 1225.18 1820.14 1225.18 1820.14 1343.88 1701.44 1343.88 wave 0
1700.72 1376.98 1817.98 1376.98 1817.98 1492.09 1700.72 1492.09 wave 0
1995.68 913.67 2117.26 913.67 2117.26 1035.97 1995.68 1035.97 wave 0
1997.84 1069.06 2115.11 1069.06 2115.11 1192.09 1997.84 1192.09 wave 0
1993.52 1220.86 2111.51 1220.86 2111.51 1340.29 1993.52 1340.29 wave 0
1988.49 1375.54 2110.79 1375.54 2110.79 1492.09 1988.49 1492.09 wave 0
1698.56 1524.46 1816.55 1524.46 1816.55 1641.01 1698.56 1641.01 wave 0
1697.12 1675.54 1817.27 1675.54 1817.27 1788.49 1697.12 1788.49 wave 0
1988.49 1525.90 2104.32 1525.90 2104.32 1642.45 1988.49 1642.45 wave 0
1984.17 1675.54 2100.72 1675.54 2100.72 1789.93 1984.17 1789.93 wave 0
1116.43 1374.58 1237.50 1374.58 1237.50 1498.61 1116.43 1498.61 wave 0
822.22 1225.00 943.88 1225.00 943.88 1343.33 822.22 1343.33 wave 0
1104.17 916.67 1229.27 916.67 1229.27 1037.18 1104.17 1037.18 wave 0
806.49 914.28 936.36 914.28 936.36 1045.46 806.49 1045.46 normal 0
815.58 1071.43 940.26 1071.43 940.26 1190.91 815.58 1190.91 wave 0
1110.39 1071.43 1229.87 1071.43 1229.87 1188.31 1110.39 1188.31 wave 0
1111.69 1225.98 1235.06 1225.98 1235.06 1345.46 1111.69 1345.46 wave 0
1403.89 915.03 1527.27 915.03 1527.27 1034.51 1403.89 1034.51 wave 0
