1207.27 830.07 1325.22 830.07 1325.22 1063.74 1207.27 1063.74 wave 0
1361.94 825.62 1481.00 825.62 1481.00 1059.28 1361.94 1059.28 wave 0
2056.26 1644.56 2178.65 1644.56 2178.65 1862.65 2056.26 1862.65 wave 0
2052.92 1931.64 2167.53 1931.64 2167.53 2151.95 2052.92 2151.95 wave 0
812.27 2183.10 932.44 2183.10 932.44 2410.10 812.27 2410.10 wave 0
816.72 2465.73 936.89 2465.73 936.89 2692.72 816.72 2692.72 wave 0
1495.46 3213.46 1611.18 3213.46 1611.18 3424.87 1495.46 3424.87 wave 0
1645.67 3211.23 1755.83 3211.23 1755.83 3422.64 1645.67 3422.64 wave 0
788.42 834.70 905.45 834.70 905.45 1072.72 788.42 1072.72 normal 0
941.15 828.74 1062.14 828.74 1062.14 1072.72 941.15 1072.72 normal 0
795.36 1140.15 915.36 1140.15 915.36 1382.14 795.36 1382.14 normal 0
947.10 1136.19 1069.09 1136.19 1069.09 1376.19 947.10 1376.19 normal 0
1911.08 824.78 2028.11 824.78 2028.11 1056.85 1911.08 1056.85 normal 0
2060.84 822.80 2183.81 822.80 2183.81 1060.82 2060.84 1060.82 normal 0
1909.09 1130.24 2027.12 1130.24 2027.12 1360.32 1909.09 1360.32 normal 0
2058.85 1124.28 2178.85 1124.28 2178.85 1356.36 2058.85 1356.36 normal 0
1356.69 1919.67 1471.73 1919.67 1471.73 2145.79 1356.69 2145.79 normal 0
1504.46 1915.70 1621.49 1915.70 1621.49 2139.84 1504.46 2139.84 normal 0
1359.67 2205.29 1472.73 2205.29 1472.73 2421.49 1359.67 2421.49 normal 0
1507.44 2207.28 1622.48 2207.28 1622.48 2417.53 1507.44 2417.53 normal 0
840.98 2949.10 948.09 2949.10 948.09 3153.40 840.98 3153.40 normal 0
845.94 3220.84 954.04 3220.84 954.04 3413.24 845.94 3413.24 normal 0
982.80 2943.15 1089.91 2943.15 1089.91 3147.45 982.80 3147.45 normal 0
986.77 3210.92 1095.86 3210.92 1095.86 3415.22 986.77 3415.22 normal 0
2035.05 2929.27 2145.13 2929.27 2145.13 3139.52 2035.05 3139.52 normal 0
1886.29 3202.99 1998.35 3202.99 1998.35 3409.28 1886.29 3409.28 normal 0
2029.10 3199.02 2141.17 3199.02 2141.17 3401.34 2029.10 3401.34 normal 0
1890.67 2926.89 2000.01 2926.89 2000.01 3135.44 1890.67 3135.44 normal 0
1201.11 1337.72 1769.48 1337.72 1769.48 1540.48 1201.11 1540.48 normal 0
