1107.61 919.56 1233.70 919.56 1233.70 1036.96 1107.61 1036.96 wave 0
1405.43 915.22 1525.00 915.22 1525.00 1034.78 1405.43 1034.78 wave 0
1403.26 1069.56 1529.35 1069.56 1529.35 1189.13 1403.26 1189.13 wave 0
1411.96 1228.26 1525.00 1228.26 1525.00 1341.30 1411.96 1341.30 wave 0
1409.78 1373.91 1527.17 1373.91 1527.17 1489.13 1409.78 1489.13 wave 0
1698.91 913.04 1822.83 913.04 1822.83 1034.78 1698.91 1034.78 wave 0
1696.74 1071.74 1820.65 1071.74 1820.65 1191.30 1696.74 1191.30 wave 0
1698.91 1221.74 1822.83 1221.74 1822.83 1341.30 1698.91 1341.30 wave 0
1698.91 1371.74 1816.30 1371.74 1816.30 1493.48 1698.91 1493.48 wave 0
1998.91 913.04 2120.65 913.04 2120.65 1032.61 1998.91 1032.61 wave 0
1998.91 1067.39 2111.96 1067.39 2111.96 1189.13 1998.91 1189.13 wave 0
1994.56 1223.91 2107.61 1223.91 2107.61 1341.30 1994.56 1341.30 wave 0
1990.22 1373.91 2109.78 1373.91 2109.78 1493.48 1990.22 1493.48 wave 0
1696.74 1523.91 1818.48 1523.91 1818.48 1641.30 1696.74 1641.30 wave 0
1990.22 1521.74 2107.61 1521.74 2107.61 1639.13 1990.22 1639.13 wave 0
1694.57 1673.91 1816.30 1673.91 1816.30 1789.13 1694.57 1789.13 wave 0
1985.87 1671.74 2105.44 1671.74 2105.44 1789.13 1985.87 1789.13 wave 0
811.96 915.22 935.87 915.22 935.87 1036.96 811.96 1036.96 wave 0
