810.32 914.28 935.71 914.28 935.71 1036.51 810.32 1036.51 wave 0
821.43 1071.43 938.89 1071.43 938.89 1190.48 821.43 1190.48 wave 0
821.43 1223.81 945.24 1223.81 945.24 1342.86 821.43 1342.86 wave 0
832.54 1373.02 950.00 1373.02 950.00 1493.65 832.54 1493.65 wave 0
834.13 1523.81 953.17 1523.81 953.17 1639.68 834.13 1639.68 wave 0
843.65 1674.60 956.35 1674.60 956.35 1787.30 843.65 1787.30 wave 0
1111.90 915.87 1234.13 915.87 1234.13 1034.92 1111.90 1034.92 wave 0
1115.08 1071.43 1234.13 1071.43 1234.13 1190.48 1115.08 1190.48 wave 0
1115.08 1226.98 1234.13 1226.98 1234.13 1342.86 1115.08 1342.86 wave 0
1119.84 1376.19 1235.72 1376.19 1235.72 1492.06 1119.84 1492.06 wave 0
1123.02 1523.81 1240.48 1523.81 1240.48 1639.68 1123.02 1639.68 wave 0
1124.60 1673.02 1245.24 1673.02 1245.24 1784.13 1124.60 1784.13 wave 0
1407.14 1069.84 1526.19 1069.84 1526.19 1188.89 1407.14 1188.89 wave 0
1408.73 1223.81 1524.60 1223.81 1524.60 1342.86 1408.73 1342.86 wave 0
1410.32 1376.19 1526.19 1376.19 1526.19 1492.06 1410.32 1492.06 wave 0
1410.32 1525.40 1526.19 1525.40 1526.19 1641.27 1410.32 1641.27 wave 0
1699.21 912.70 1824.60 912.70 1824.60 1036.51 1699.21 1036.51 wave 0
1701.30 1068.83 1820.78 1068.83 1820.78 1189.61 1701.30 1189.61 wave 0
1703.90 1223.38 1820.78 1223.38 1820.78 1342.86 1703.90 1342.86 wave 0
1698.70 1375.32 1818.18 1375.32 1818.18 1492.21 1698.70 1492.21 wave 0
1701.30 1523.38 1818.18 1523.38 1818.18 1638.96 1701.30 1638.96 wave 0
1700.00 1672.73 1816.88 1672.73 1816.88 1787.01 1700.00 1787.01 wave 0
1998.70 914.28 2119.48 914.28 2119.48 1037.66 1998.70 1037.66 wave 0
1997.40 1071.43 2114.29 1071.43 2114.29 1189.61 1997.40 1189.61 wave 0
1992.21 1224.68 2114.29 1224.68 2114.29 1340.26 1992.21 1340.26 wave 0
1990.91 1376.62 2109.09 1376.62 2109.09 1490.91 1990.91 1490.91 wave 0
1988.31 1527.27 2106.49 1527.27 2106.49 1640.26 1988.31 1640.26 wave 0
1985.71 1674.02 2102.60 1674.02 2102.60 1788.31 1985.71 1788.31 wave 0
1411.71 1671.23 1534.72 1671.23 1534.72 1791.67 1411.71 1791.67 wave 0
1111.90 915.87 1234.13 915.87 1234.13 1034.92 1111.90 1034.92 wave 0
1405.90 915.21 1528.13 915.21 1528.13 1034.25 1405.90 1034.25 wave 0
