813.16 917.54 934.21 917.54 934.21 1038.60 813.16 1038.60 wave 0
1109.65 915.79 1230.70 915.79 1230.70 1036.84 1109.65 1036.84 wave 0
1404.39 915.79 1528.95 915.79 1528.95 1036.84 1404.39 1036.84 wave 0
1402.63 1073.68 1525.44 1073.68 1525.44 1192.98 1402.63 1192.98 wave 0
1406.49 1224.68 1525.97 1224.68 1525.97 1342.86 1406.49 1342.86 wave 0
1409.09 1374.02 1525.97 1374.02 1525.97 1489.61 1409.09 1489.61 wave 0
1410.39 1524.68 1528.57 1524.68 1528.57 1640.26 1410.39 1640.26 wave 0
1412.99 1674.02 1532.47 1674.02 1532.47 1785.72 1412.99 1785.72 wave 0
1700.00 912.99 1823.38 912.99 1823.38 1033.77 1700.00 1033.77 wave 0
1700.00 1071.43 1822.08 1071.43 1822.08 1188.31 1700.00 1188.31 wave 0
1702.60 1225.98 1819.48 1225.98 1819.48 1340.26 1702.60 1340.26 wave 0
1701.30 1375.32 1819.48 1375.32 1819.48 1492.21 1701.30 1492.21 wave 0
1700.00 1522.08 1816.88 1522.08 1816.88 1638.96 1700.00 1638.96 wave 0
1698.70 1674.02 1815.59 1674.02 1815.59 1788.31 1698.70 1788.31 wave 0
1997.40 911.69 2119.48 911.69 2119.48 1033.77 1997.40 1033.77 wave 0
1996.10 1068.83 2115.59 1068.83 2115.59 1188.31 1996.10 1188.31 wave 0
1992.21 1223.38 2112.99 1223.38 2112.99 1341.56 1992.21 1341.56 wave 0
1992.21 1372.73 2109.09 1372.73 2109.09 1488.31 1992.21 1488.31 wave 0
1987.01 1524.68 2106.49 1524.68 2106.49 1640.26 1987.01 1640.26 wave 0
1984.42 1671.43 2103.90 1671.43 2103.90 1787.01 1984.42 1787.01 wave 0
1111.19 1073.32 1236.92 1073.32 1236.92 1197.54 1111.19 1197.54 wave 0
1111.19 1073.32 1236.92 1073.32 1236.92 1197.54 1111.19 1197.54 wave 0
814.41 1071.18 940.15 1071.18 940.15 1195.38 814.41 1195.38 wave 0
848.98 1679.59 955.10 1679.59 955.10 1775.51 848.98 1775.51 wave 0
