1356.69 1438.78 1468.50 1438.78 1468.50 1552.96 1356.69 1552.96 wave 0
1219.69 1570.08 1337.01 1570.08 1337.01 1686.62 1219.69 1686.62 wave 0
1087.40 1703.94 1202.36 1703.94 1202.36 1817.32 1087.40 1817.32 wave 0
1501.11 2184.44 1612.22 2184.44 1612.22 2297.78 1501.11 2297.78 wave 0
1505.56 2328.89 1618.89 2328.89 1618.89 2433.33 1505.56 2433.33 wave 0
556.41 1307.69 679.49 1307.69 679.49 1438.46 556.41 1438.46 wave 0
405.13 1305.13 525.64 1305.13 525.64 1430.77 405.13 1430.77 wave 0
2571.80 1287.18 2700.00 1287.18 2700.00 1415.38 2571.80 1415.38 wave 0
2571.80 1287.18 2700.00 1287.18 2700.00 1415.38 2571.80 1415.38 wave 0
2420.51 1287.18 2546.15 1287.18 2546.15 1420.51 2420.51 1420.51 wave 0
1461.54 161.54 1594.87 161.54 1594.87 300.00 1461.54 300.00 wave 0
1466.67 330.77 1600.00 330.77 1600.00 469.23 1466.67 469.23 wave 0
473.08 314.42 584.62 314.42 584.62 446.15 473.08 446.15 normal 0
619.23 454.81 740.38 454.81 740.38 583.65 619.23 583.65 normal 0
768.27 602.88 884.62 602.88 884.62 729.81 768.27 729.81 normal 0
919.23 743.27 1036.54 743.27 1036.54 865.38 919.23 865.38 normal 0
1061.54 882.69 1178.85 882.69 1178.85 1006.73 1061.54 1006.73 normal 0
1203.85 1021.15 1323.08 1021.15 1323.08 1147.12 1203.85 1147.12 normal 0
1346.15 1157.69 1464.42 1157.69 1464.42 1281.73 1346.15 1281.73 normal 0
1624.04 1157.69 1742.31 1157.69 1742.31 1279.81 1624.04 1279.81 normal 0
1761.54 1020.19 1884.62 1020.19 1884.62 1142.31 1761.54 1142.31 normal 0
1905.77 876.92 2025.00 876.92 2025.00 1000.00 1905.77 1000.00 wave 0
2048.08 731.73 2166.34 731.73 2166.34 850.96 2048.08 850.96 wave 0
2191.25 587.50 2310.00 587.50 2310.00 712.50 2191.25 712.50 wave 0
2342.74 437.74 2455.24 437.74 2455.24 562.74 2342.74 562.74 normal 0
310.79 166.67 440.20 166.67 440.20 301.96 310.79 301.96 normal 0
953.92 1831.37 1073.53 1831.37 1073.53 1950.98 953.92 1950.98 wave 0
828.57 1963.64 944.16 1963.64 944.16 2076.62 828.57 2076.62 normal 0
700.00 2085.72 815.58 2085.72 815.58 2209.09 700.00 2209.09 normal 0
571.43 2215.58 689.61 2215.58 689.61 2329.87 571.43 2329.87 normal 0
450.65 2341.56 563.64 2341.56 563.64 2453.25 450.65 2453.25 normal 0
332.47 2472.73 446.75 2472.73 446.75 2577.92 332.47 2577.92 normal 0
1485.71 1296.10 1609.09 1296.10 1609.09 1418.18 1485.71 1418.18 normal 0
1625.97 1431.17 1748.05 1431.17 1748.05 1549.35 1625.97 1549.35 normal 0
1763.64 1562.34 1880.52 1562.34 1880.52 1679.22 1763.64 1679.22 normal 0
1902.60 1694.80 2016.88 1694.80 2016.88 1812.99 1902.60 1812.99 normal 0
2033.77 1827.27 2153.25 1827.27 2153.25 1940.26 2033.77 1940.26 normal 0
2170.13 1953.25 2285.72 1953.25 2285.72 2066.23 2170.13 2066.23 normal 0
2302.60 2084.42 2416.88 2084.42 2416.88 2192.21 2302.60 2192.21 normal 0
2433.76 2209.09 2545.45 2209.09 2545.45 2320.78 2433.76 2320.78 normal 0
2562.34 2332.47 2674.03 2332.47 2674.03 2444.16 2562.34 2444.16 normal 0
2687.01 2459.74 2787.01 2459.74 2787.01 2563.64 2687.01 2563.64 normal 0
