1211.72 836.74 1320.77 836.74 1320.77 1050.38 1211.72 1050.38 wave 0
1368.61 821.17 1474.32 821.17 1474.32 1050.38 1368.61 1050.38 wave 0
1492.12 825.62 1612.29 825.62 1612.29 1043.71 1492.12 1043.71 wave 0
1652.35 825.62 1766.96 825.62 1766.96 1054.83 1652.35 1054.83 wave 0
805.59 1651.24 916.86 1651.24 916.86 1878.23 805.59 1878.23 wave 0
807.82 1942.76 924.65 1942.76 924.65 2169.75 807.82 2169.75 wave 0
1197.26 1356.56 1781.42 1356.56 1781.42 1519.02 1197.26 1519.02 ballS 0
2051.81 2178.66 2165.30 2178.66 2165.30 2401.19 2051.81 2401.19 wave 0
2047.36 2461.28 2159.74 2461.28 2159.74 2681.59 2047.36 2681.59 wave 0
1229.53 3209.01 1343.02 3209.01 1343.02 3422.64 1229.53 3422.64 wave 0
1376.40 3220.14 1486.56 3220.14 1486.56 3418.20 1376.40 3418.20 wave 0
1499.91 3226.81 1604.50 3226.81 1604.50 3415.97 1499.91 3415.97 wave 0
1645.67 3213.46 1750.27 3213.46 1750.27 3420.42 1645.67 3420.42 wave 0
814.88 2197.14 927.99 2197.14 927.99 2405.64 814.88 2405.64 wave 0
788.42 834.70 905.45 834.70 905.45 1072.72 788.42 1072.72 normal 0
941.15 828.74 1062.14 828.74 1062.14 1072.72 941.15 1072.72 normal 0
795.36 1140.15 915.36 1140.15 915.36 1382.14 795.36 1382.14 normal 0
947.10 1136.19 1069.09 1136.19 1069.09 1376.19 947.10 1376.19 normal 0
1911.08 824.78 2028.11 824.78 2028.11 1056.85 1911.08 1056.85 normal 0
2060.84 822.80 2183.81 822.80 2183.81 1060.82 2060.84 1060.82 normal 0
1909.09 1130.24 2027.12 1130.24 2027.12 1360.32 1909.09 1360.32 normal 0
2058.85 1124.28 2178.85 1124.28 2178.85 1356.36 2058.85 1356.36 normal 0
2060.84 1645.94 2170.92 1645.94 2170.92 1868.10 2060.84 1868.10 normal 0
2055.88 1937.52 2166.95 1937.52 2166.95 2143.80 2055.88 2143.80 wave 0
1356.69 1919.67 1471.73 1919.67 1471.73 2145.79 1356.69 2145.79 normal 0
1504.46 1915.70 1621.49 1915.70 1621.49 2139.84 1504.46 2139.84 normal 0
1359.67 2205.29 1472.73 2205.29 1472.73 2421.49 1359.67 2421.49 normal 0
1507.44 2207.28 1622.48 2207.28 1622.48 2417.53 1507.44 2417.53 normal 0
829.08 2482.98 933.22 2482.98 933.22 2685.30 829.08 2685.30 normal 0
840.98 2949.10 948.09 2949.10 948.09 3153.40 840.98 3153.40 normal 0
845.94 3220.84 954.04 3220.84 954.04 3413.24 845.94 3413.24 normal 0
982.80 2943.15 1089.91 2943.15 1089.91 3147.45 982.80 3147.45 normal 0
986.77 3210.92 1095.86 3210.92 1095.86 3415.22 986.77 3415.22 normal 0
1889.26 2925.30 2001.33 2925.30 2001.33 3139.52 1889.26 3139.52 normal 0
2035.05 2929.27 2145.13 2929.27 2145.13 3139.52 2035.05 3139.52 normal 0
1886.29 3202.99 1998.35 3202.99 1998.35 3409.28 1886.29 3409.28 normal 0
2029.10 3199.02 2141.17 3199.02 2141.17 3401.34 2029.10 3401.34 normal 0
