42.35 395.30 198.82 395.30 198.82 558.82 42.35 558.82 hole 0
382.35 397.65 535.29 397.65 535.29 554.12 382.35 554.12 hole 0
55.29 620.00 207.06 620.00 207.06 777.65 55.29 777.65 hole 0
390.59 618.82 543.53 618.82 543.53 772.94 390.59 772.94 hole 0
65.88 840.00 216.47 840.00 216.47 995.30 65.88 995.30 hole 0
402.35 842.35 554.12 842.35 554.12 992.94 402.35 992.94 hole 0
2783.53 405.88 2934.12 405.88 2934.12 561.18 2783.53 561.18 hole 0
2762.70 846.03 2913.49 846.03 2913.49 996.82 2762.70 996.82 hole 0
2778.83 629.90 2929.62 629.90 2929.62 780.70 2778.83 780.70 hole 0
156.25 2562.16 298.39 2562.16 298.39 2711.29 156.25 2711.29 hole 0
156.25 2562.16 298.39 2562.16 298.39 2711.29 156.25 2711.29 hole 0
184.36 2769.48 299.38 2769.48 299.38 2878.60 184.36 2878.60 normal 0
182.26 2933.87 317.74 2933.87 317.74 3069.36 182.26 3069.36 hole 0
2643.55 2940.32 2791.93 2940.32 2791.93 3082.26 2643.55 3082.26 hole 0
2449.17 395.00 2609.17 395.00 2609.17 560.00 2449.17 560.00 hole 0
2442.50 621.67 2600.83 621.67 2600.83 783.33 2442.50 783.33 normal 0
2432.50 843.33 2585.83 843.33 2585.83 993.33 2432.50 993.33 normal 0
486.59 2946.67 624.17 2946.67 624.17 3075.61 486.59 3075.61 normal 0
474.78 2573.04 608.70 2573.04 608.70 2704.35 474.78 2704.35 normal 0
2399.47 2590.28 2483.12 2590.28 2483.12 2685.72 2399.47 2685.72 hole 0
2385.71 2966.23 2475.32 2966.23 2475.32 3067.53 2385.71 3067.53 hole 0
