42.35 395.30 198.82 395.30 198.82 558.82 42.35 558.82 hole 0
382.35 397.65 535.29 397.65 535.29 554.12 382.35 554.12 hole 0
55.29 620.00 207.06 620.00 207.06 777.65 55.29 777.65 hole 0
390.59 618.82 543.53 618.82 543.53 772.94 390.59 772.94 hole 0
65.88 840.00 216.47 840.00 216.47 995.30 65.88 995.30 hole 0
402.35 842.35 554.12 842.35 554.12 992.94 402.35 992.94 hole 0
2783.53 405.88 2934.12 405.88 2934.12 561.18 2783.53 561.18 hole 0
2762.70 846.03 2913.49 846.03 2913.49 996.82 2762.70 996.82 hole 0
2783.53 631.69 2934.12 631.69 2934.12 786.98 2783.53 786.98 hole 0
2457.72 412.33 2604.84 412.33 2604.84 566.13 2457.72 566.13 hole 0
2382.98 2587.28 2481.82 2587.28 2481.82 2698.70 2382.98 2698.70 hole 0
2648.05 2944.59 2779.22 2944.59 2779.22 3063.64 2648.05 3063.64 hole 0
2400.00 2951.95 2483.12 2951.95 2483.12 3050.65 2400.00 3050.65 hole 0
2675.32 2572.58 2811.29 2572.58 2811.29 2692.21 2675.32 2692.21 hole 0
162.90 2572.58 301.61 2572.58 301.61 2704.84 162.90 2704.84 hole 0
197.22 2768.52 302.78 2768.52 302.78 2888.89 197.22 2888.89 normal 0
185.96 2934.77 324.67 2934.77 324.67 3067.02 185.96 3067.02 hole 0
467.93 2572.92 611.79 2572.92 611.79 2709.76 467.93 2709.76 normal 0
488.21 2942.10 633.83 2942.10 633.83 3071.93 488.21 3071.93 normal 0
2452.04 624.49 2596.94 624.49 2596.94 779.59 2452.04 779.59 normal 0
2433.67 838.78 2594.90 838.78 2594.90 997.96 2433.67 997.96 normal 0
