1071.43 2559.74 1151.25 2559.74 1151.25 3030.00 1071.43 3030.00 ballS 0
1906.49 2567.53 2003.75 2567.53 2003.75 3057.50 1906.49 3057.50 ballS 0
2120.78 2572.73 2208.75 2572.73 2208.75 3057.50 2120.78 3057.50 ballS 0
2336.36 2576.62 2436.25 2576.62 2436.25 3057.50 2336.36 3057.50 ballS 0
2550.65 2579.22 2658.75 2579.22 2658.75 3050.00 2550.65 3050.00 ballS 0
2766.23 2577.92 2866.25 2577.92 2866.25 3045.00 2766.23 3045.00 ballS 0
1120.76 818.87 1228.30 818.87 1228.30 888.68 1120.76 888.68 wave 0
2286.36 833.33 2419.70 833.33 2419.70 910.61 2286.36 910.61 wave 0
2487.88 837.88 2612.28 837.88 2612.28 928.07 2487.88 928.07 wave 0
2692.43 834.85 2812.12 834.85 2812.12 919.70 2692.43 919.70 wave 0
2514.29 934.93 2600.00 934.93 2600.00 1211.11 2514.29 1211.11 ballS 0
2506.56 639.51 2592.59 639.51 2592.59 823.96 2506.56 823.96 ballS 0
2712.15 927.68 2800.00 927.68 2800.00 1203.70 2712.15 1203.70 ballS 0
2308.51 639.51 2393.83 639.51 2393.83 822.84 2308.51 822.84 ballS 0
2310.07 921.57 2396.29 921.57 2396.29 1198.76 2310.07 1198.76 ballS 0
1133.07 622.22 1218.52 622.22 1218.52 810.17 1133.07 810.17 ballS 0
1118.65 898.90 1208.64 898.90 1208.64 1187.66 1118.65 1187.66 ballS 0
2703.53 649.38 2783.95 649.38 2783.95 825.31 2703.53 825.31 ballS 0
1926.36 1793.33 2008.18 1793.33 2008.18 1906.97 1926.36 1906.97 hole 0
1775.83 1791.67 1812.50 1791.67 1812.50 1938.33 1775.83 1938.33 hole 0
1073.75 3035.00 1158.75 3035.00 1158.75 3185.00 1073.75 3185.00 normal 0
1913.75 3052.50 2001.25 3052.50 2001.25 3205.00 1913.75 3205.00 normal 0
2128.75 3055.00 2223.75 3055.00 2223.75 3210.00 2128.75 3210.00 normal 0
2346.25 3050.00 2436.25 3050.00 2436.25 3210.00 2346.25 3210.00 normal 0
2563.75 3050.00 2648.75 3050.00 2648.75 3215.00 2563.75 3215.00 normal 0
2778.75 3052.50 2866.25 3052.50 2866.25 3212.50 2778.75 3212.50 normal 0
