2742.35 771.76 2897.65 771.76 2897.65 931.76 2742.35 931.76 hole 0
2614.12 3232.94 2754.12 3232.94 2754.12 3364.70 2614.12 3364.70 hole 0
2742.35 771.76 2897.65 771.76 2897.65 931.76 2742.35 931.76 hole 0
1411.39 3225.42 1554.24 3225.42 1554.24 3354.43 1411.39 3354.43 hole 0
1429.37 758.73 1583.33 758.73 1583.33 906.35 1429.37 906.35 normal 0
1432.54 949.21 1573.81 949.21 1573.81 1101.59 1432.54 1101.59 normal 0
1434.13 1134.92 1575.40 1134.92 1575.40 1292.06 1434.13 1292.06 normal 0
1426.19 1323.81 1572.22 1323.81 1572.22 1474.60 1426.19 1474.60 normal 0
2545.24 976.19 2688.10 976.19 2688.10 1119.05 2545.24 1119.05 normal 0
2350.00 1155.56 2491.27 1155.56 2491.27 1303.18 2350.00 1303.18 normal 0
2159.52 1339.68 2299.21 1339.68 2299.21 1485.72 2159.52 1485.72 normal 0
2451.45 3073.91 2584.78 3073.91 2584.78 3201.45 2451.45 3201.45 normal 0
