716.96 2055.36 834.09 2055.36 834.09 2178.79 716.96 2178.79 wave 0
725.00 2740.91 850.89 2740.91 850.89 2864.28 725.00 2864.28 wave 0
127.28 768.85 270.83 768.85 270.83 922.22 127.28 922.22 hole 0
1458.33 792.42 1559.85 792.42 1559.85 915.15 1458.33 915.15 hole 0
1487.12 984.85 1563.10 984.85 1563.10 1112.12 1487.12 1112.12 hole 0
335.61 983.33 435.61 983.33 435.61 1087.88 335.61 1087.88 normal 0
520.46 1163.64 629.54 1163.64 629.54 1284.85 520.46 1284.85 normal 0
711.36 1353.03 820.45 1353.03 820.45 1472.73 711.36 1472.73 normal 0
176.51 2054.54 290.15 2054.54 290.15 2172.73 176.51 2172.73 normal 0
350.76 2063.64 467.42 2063.64 467.42 2172.73 350.76 2172.73 normal 0
531.06 2062.12 638.64 2062.12 638.64 2174.24 531.06 2174.24 normal 0
555.30 2912.12 662.88 2912.12 662.88 3021.21 555.30 3021.21 normal 0
379.54 3074.24 497.73 3074.24 497.73 3183.33 379.54 3183.33 normal 0
226.52 3236.36 320.45 3236.36 320.45 3334.85 226.52 3334.85 normal 0
