246.97 586.36 431.82 586.36 431.82 789.39 246.97 789.39 ballS 0
364.71 711.76 566.67 711.76 566.67 901.96 364.71 901.96 hole 0
484.31 825.49 686.27 825.49 686.27 1033.33 484.31 1033.33 ballS 0
600.00 943.14 803.92 943.14 803.92 1150.98 600.00 1150.98 ballS 0
740.30 1075.59 936.37 1075.59 936.37 1277.55 740.30 1277.55 ballL 0
82.35 1723.53 254.90 1723.53 254.90 1896.08 82.35 1896.08 ballL 0
262.75 1713.72 460.79 1713.72 460.79 1909.80 262.75 1909.80 ballL 0
458.82 1723.53 651.16 1723.53 651.16 1900.00 458.82 1900.00 ballS 0
1237.25 1552.94 1413.73 1552.94 1413.73 1737.26 1237.25 1737.26 ballL 0
1394.12 1725.49 1570.59 1725.49 1570.59 1892.16 1394.12 1892.16 ballL 0
1398.04 366.67 1596.08 366.67 1596.08 554.90 1398.04 554.90 ballL 0
1392.16 562.74 1590.19 562.74 1590.19 758.82 1392.16 758.82 ballL 0
1384.31 754.90 1590.19 754.90 1590.19 960.78 1384.31 960.78 ballL 0
1392.16 964.70 1586.27 964.70 1586.27 1150.98 1392.16 1150.98 ballL 0
2052.94 1076.47 2249.02 1076.47 2249.02 1266.67 2052.94 1266.67 ballL 0
2174.98 958.83 2378.90 958.83 2378.90 1154.91 2174.98 1154.91 ballS 0
2301.96 837.26 2498.04 837.26 2498.04 1037.26 2301.96 1037.26 ballS 0
2433.33 719.61 2621.57 719.61 2621.57 919.61 2433.33 919.61 ballS 0
2549.02 598.04 2745.10 598.04 2745.10 796.08 2549.02 796.08 ballS 0
2737.25 454.90 2896.08 454.90 2896.08 607.84 2737.25 607.84 ballS 0
2150.98 1723.53 2333.33 1723.53 2333.33 1903.92 2150.98 1903.92 ballL 0
2327.45 1727.45 2521.57 1727.45 2521.57 1905.88 2327.45 1905.88 ballS 0
2529.41 1725.49 2715.69 1725.49 2715.69 1901.96 2529.41 1901.96 ballL 0
2719.61 1727.45 2900.00 1727.45 2900.00 1909.80 2719.61 1909.80 ballL 0
1245.46 1880.52 1412.99 1880.52 1412.99 2061.04 1245.46 2061.04 ballL 0
2616.47 2912.73 2751.16 2912.73 2751.16 3039.26 2616.47 3039.26 ballL 0
2345.20 2656.16 2523.29 2656.16 2523.29 2819.18 2345.20 2819.18 ballL 0
2456.16 2749.32 2631.51 2749.32 2631.51 2919.18 2456.16 2919.18 ballL 0
2235.62 2546.58 2420.55 2546.58 2420.55 2715.07 2235.62 2715.07 ballS 0
2124.66 2438.36 2315.07 2438.36 2315.07 2610.96 2124.66 2610.96 ballS 0
2021.92 2328.77 2205.48 2328.77 2205.48 2510.96 2021.92 2510.96 ballS 0
353.51 2754.38 511.40 2754.38 511.40 2908.77 353.51 2908.77 ballL 0
453.51 2643.86 618.42 2643.86 618.42 2805.26 453.51 2805.26 ballS 0
