2742.35 796.47 2895.29 796.47 2895.29 952.94 2742.35 952.94 ballS 0
2534.12 987.06 2696.47 987.06 2696.47 1141.18 2534.12 1141.18 hole 0
2347.06 1181.18 2489.41 1181.18 2489.41 1323.53 2347.06 1323.53 wave 0
2684.62 2078.46 2818.46 2078.46 2818.46 2220.00 2684.62 2220.00 hole 0
2444.00 3087.00 2584.00 3087.00 2584.00 3223.00 2444.00 3223.00 ballS 0
2613.00 3257.00 2749.00 3257.00 2749.00 3386.00 2613.00 3386.00 ballS 0
2276.32 2922.81 2420.18 2922.81 2420.18 3059.65 2276.32 3059.65 hole 0
2135.96 2071.93 2269.30 2071.93 2269.30 2215.79 2135.96 2215.79 wave 0
2311.40 2071.93 2458.77 2071.93 2458.77 2208.77 2311.40 2208.77 wave 0
2497.37 2078.95 2634.21 2078.95 2634.21 2221.05 2497.37 2221.05 wave 0
2151.75 1359.65 2302.63 1359.65 2302.63 1510.53 2151.75 1510.53 wave 0
