120.64 744.44 268.25 744.44 268.25 898.41 120.64 898.41 hole 0
204.00 3204.00 342.00 3204.00 342.00 3340.00 204.00 3340.00 hole 0
343.52 957.41 441.67 957.41 441.67 1081.48 343.52 1081.48 normal 0
532.41 1148.15 637.96 1148.15 637.96 1277.78 532.41 1277.78 normal 0
713.89 1335.18 823.15 1335.18 823.15 1462.96 713.89 1462.96 normal 0
182.35 2043.39 284.26 2043.39 284.26 2153.70 182.35 2153.70 normal 0
362.04 2048.15 471.30 2048.15 471.30 2161.11 362.04 2161.11 normal 0
536.36 2050.00 652.78 2050.00 652.78 2168.83 536.36 2168.83 normal 0
711.69 2051.85 832.41 2051.85 832.41 2170.13 711.69 2170.13 normal 0
371.21 3050.93 504.98 3050.93 504.98 3176.91 371.21 3176.91 normal 0
549.35 2898.15 667.59 2898.15 667.59 3014.28 549.35 3014.28 normal 0
