2746.43 808.57 2887.86 808.57 2887.86 955.72 2746.43 955.72 hole 0
2552.14 1002.86 2686.43 1002.86 2686.43 1145.72 2552.14 1145.72 hole 0
2167.42 1387.88 2291.67 1387.88 2291.67 1509.09 2167.42 1509.09 normal 0
2370.24 1206.58 2482.57 1206.58 2482.57 1315.15 2370.24 1315.15 normal 0
2135.00 2084.28 2275.00 2084.28 2275.00 2222.86 2135.00 2222.86 hole 0
2319.28 2087.14 2457.86 2087.14 2457.86 2224.28 2319.28 2224.28 hole 0
2500.71 2084.28 2642.14 2084.28 2642.14 2227.14 2500.71 2227.14 hole 0
2682.14 2090.00 2823.57 2090.00 2823.57 2230.00 2682.14 2230.00 hole 0
2617.86 3265.72 2754.81 3265.72 2754.81 3392.31 2617.86 3392.31 ballS 0
2449.29 3102.88 2590.39 3102.88 2590.39 3227.88 2449.29 3227.88 ballS 0
2291.67 2940.91 2418.94 2940.91 2418.94 3062.12 2291.67 3062.12 hole 0
