515.72 2465.72 606.17 2465.72 606.17 3109.59 515.72 3109.59 ballL 0
941.43 2468.57 1052.86 2468.57 1052.86 3125.72 941.43 3125.72 ballL 0
1155.71 2474.28 1255.71 2474.28 1255.71 3125.72 1155.71 3125.72 ballL 0
1827.14 2480.00 1918.57 2480.00 1918.57 3128.57 1827.14 3128.57 ballL 0
2038.57 2477.14 2138.57 2477.14 2138.57 3125.72 2038.57 3125.72 ballL 0
597.36 685.44 689.73 685.44 689.73 1264.38 597.36 1264.38 ballL 0
796.73 695.22 882.88 695.22 882.88 1258.90 796.73 1258.90 ballL 0
991.88 697.39 1085.62 697.39 1085.62 1272.60 991.88 1272.60 ballL 0
1196.89 697.47 1286.99 697.47 1286.99 1264.38 1196.89 1264.38 ballL 0
1826.14 703.80 1915.63 703.80 1915.63 1268.75 1826.14 1268.75 ballL 0
1913.73 1572.64 2007.29 1572.64 2007.29 2166.67 1913.73 2166.67 ballL 0
1717.98 1562.30 1803.13 1562.30 1803.13 2162.50 1717.98 2162.50 ballL 0
1505.56 1556.14 1590.71 1556.14 1590.71 2156.33 1505.56 2156.33 ballL 0
1297.31 1558.30 1382.46 1558.30 1382.46 2158.50 1297.31 2158.50 ballL 0
1091.14 1554.17 1184.38 1554.17 1184.38 2160.67 1091.14 2160.67 ballL 0
409.02 680.74 493.60 684.13 470.55 1260.27 385.96 1256.89 ballL 0
732.19 2472.60 828.08 2472.60 828.08 3113.70 732.19 3113.70 ballL 0
325.15 2454.58 404.50 2458.56 372.11 3105.69 292.76 3101.72 ballL 0
