298.04 711.84 389.71 711.84 389.71 1026.84 298.04 1026.84 ballS 0
496.00 719.62 581.00 719.62 581.00 1031.29 496.00 1031.29 ballS 0
696.96 717.04 778.62 717.04 778.62 1032.04 696.96 1032.04 ballS 0
908.46 720.04 990.13 720.04 990.13 1035.04 908.46 1035.04 ballS 0
1101.29 735.08 1182.96 735.08 1182.96 1050.08 1101.29 1050.08 ballS 0
1726.88 735.33 1808.54 735.33 1808.54 1050.33 1726.88 1050.33 ballS 0
1051.21 2712.01 1134.17 2712.01 1134.17 3036.67 1051.21 3036.67 ballS 0
1720.70 2729.46 1806.04 2729.46 1806.04 3016.46 1720.70 3016.46 ballS 0
1931.87 2728.04 2020.83 2728.04 2020.83 3021.67 1931.87 3021.67 ballS 0
838.29 2704.87 915.83 2704.87 915.83 3018.33 838.29 3018.33 ballS 0
625.75 2711.00 702.50 2711.00 702.50 2970.00 625.75 2970.00 ballS 0
411.70 2717.16 492.50 2717.16 492.50 2993.33 411.70 2993.33 ballS 0
201.20 2707.20 277.50 2707.20 277.50 2926.67 201.20 2926.67 ballS 0
