1028.08 626.03 1119.86 626.03 1119.86 998.63 1028.08 998.63 hole 0
1807.53 841.10 1896.58 841.10 1896.58 927.40 1807.53 927.40 wave 0
2010.27 835.62 2092.47 835.62 2092.47 931.51 2010.27 931.51 wave 0
2211.64 845.20 2293.84 845.20 2293.84 928.77 2211.64 928.77 wave 0
2411.64 845.20 2496.58 845.20 2496.58 928.77 2411.64 928.77 wave 0
2613.01 858.90 2696.57 858.90 2696.57 926.03 2613.01 926.03 wave 0
1047.73 1759.09 1079.54 1759.09 1079.54 1957.58 1047.73 1957.58 hole 0
1249.24 1763.64 1293.18 1763.64 1293.18 1962.12 1249.24 1962.12 hole 0
1465.91 1768.18 1496.21 1768.18 1496.21 1963.64 1465.91 1963.64 hole 0
1670.45 1780.30 1708.33 1780.30 1708.33 1957.58 1670.45 1957.58 hole 0
1875.00 1795.46 1915.91 1795.46 1915.91 1963.64 1875.00 1963.64 hole 0
1813.16 654.38 1888.60 654.38 1888.60 828.07 1813.16 828.07 normal 0
2016.67 661.40 2083.33 661.40 2083.33 826.32 2016.67 826.32 normal 0
2214.91 675.44 2281.58 675.44 2281.58 833.33 2214.91 833.33 normal 0
2414.91 682.46 2483.33 682.46 2483.33 831.58 2414.91 831.58 normal 0
2613.16 677.19 2679.87 675.19 2685.09 849.12 2618.38 851.12 normal 0
