731.63 2537.14 836.43 2537.14 836.43 3118.37 731.63 3118.37 ballS 0
939.80 2522.86 1042.14 2522.86 1042.14 3091.89 939.80 3091.89 ballS 0
1164.29 2518.57 1253.57 2518.57 1253.57 3112.61 1164.29 3112.61 ballS 0
1831.63 2545.72 1915.00 2545.72 1915.00 3069.39 1831.63 3069.39 ballS 0
2043.88 2540.00 2129.29 2540.00 2129.29 3077.24 2043.88 3077.24 ballS 0
2250.00 2527.14 2342.14 2527.14 2342.14 3073.47 2250.00 3073.47 ballS 0
2468.37 2512.86 2557.86 2512.86 2557.86 3081.63 2468.37 3081.63 ballS 0
2680.61 2510.00 2765.00 2510.00 2765.00 3132.65 2680.61 3132.65 ballS 0
996.67 693.33 1084.09 693.33 1084.09 1133.33 996.67 1133.33 ballS 0
1206.67 702.86 1285.00 702.86 1285.00 1095.56 1206.67 1095.56 ballS 0
1830.00 742.86 1903.57 742.86 1903.57 1066.67 1830.00 1066.67 ballS 0
2024.45 754.28 2106.43 754.28 2106.43 1242.22 2024.45 1242.22 ballS 0
2224.44 738.57 2300.71 738.57 2300.71 1243.33 2224.44 1243.33 ballS 0
2423.33 714.00 2504.00 714.00 2504.00 1193.00 2423.33 1193.00 hole 0
2629.00 707.78 2715.00 707.78 2715.00 1229.00 2629.00 1229.00 hole 0
