731.63 2525.92 828.40 2525.92 828.40 3065.00 731.63 3065.00 ballS 0
939.80 2520.99 1039.51 2520.99 1039.51 3081.67 939.80 3081.67 ballS 0
1164.29 2516.05 1255.56 2516.05 1255.56 3098.33 1164.29 3098.33 ballS 0
1831.63 2535.80 1914.82 2535.80 1914.82 3069.39 1831.63 3069.39 ballS 0
2043.88 2534.57 2127.16 2534.57 2127.16 3077.24 2043.88 3077.24 ballS 0
2250.00 2534.57 2339.50 2534.57 2339.50 3073.47 2250.00 3073.47 ballS 0
2680.61 2544.44 2774.07 2544.44 2774.07 3123.33 2680.61 3123.33 ballS 0
1041.56 725.24 1092.23 725.24 1092.23 1032.65 1041.56 1032.65 ballS 0
1202.30 718.45 1287.38 718.45 1287.38 1081.63 1202.30 1081.63 ballS 0
1830.00 725.24 1908.74 725.24 1908.74 1066.67 1830.00 1066.67 ballS 0
2024.45 730.10 2106.80 730.10 2106.80 1242.22 2024.45 1242.22 ballS 0
2224.44 726.02 2314.64 726.02 2314.64 1243.90 2224.44 1243.90 ballS 0
2423.33 721.95 2508.13 721.95 2508.13 1270.00 2423.33 1270.00 ballS 0
2624.69 728.46 2707.32 728.46 2707.32 1264.44 2624.69 1264.44 ballS 0
2459.38 2518.75 2575.00 2518.75 2575.00 3081.25 2459.38 3081.25 ballS 0
