731.63 2524.66 830.82 2524.66 830.82 3041.11 731.63 3041.11 ballS 0
939.80 2510.96 1043.15 2510.96 1043.15 3063.33 939.80 3063.33 ballS 0
1164.29 2502.74 1255.48 2502.74 1255.48 3102.22 1164.29 3102.22 ballS 0
1831.63 2550.68 1911.64 2550.68 1911.64 3069.39 1831.63 3069.39 ballS 0
2043.88 2543.84 2125.34 2543.84 2125.34 3057.78 2043.88 3057.78 ballS 0
308.26 2521.92 402.05 2521.92 402.05 2996.67 308.26 2996.67 ballS 0
512.12 2524.66 613.01 2524.66 613.01 3018.89 512.12 3018.89 ballS 0
996.67 706.17 1088.89 706.17 1088.89 1150.98 996.67 1150.98 ballS 0
1202.30 710.00 1287.78 710.00 1287.78 1114.94 1202.30 1114.94 ballS 0
1830.00 703.97 1908.64 703.97 1908.64 1119.75 1830.00 1119.75 ballS 0
805.56 696.67 883.33 696.67 883.33 1051.11 805.56 1051.11 ballS 0
594.44 739.51 688.89 739.51 688.89 1113.33 594.44 1113.33 ballS 0
390.00 744.44 491.11 744.44 491.11 1197.78 390.00 1197.78 ballS 0
