732.19 2518.89 835.56 2518.89 835.56 3052.06 732.19 3052.06 ballS 0
951.37 2522.22 1036.67 2522.22 1036.67 3019.18 951.37 3019.18 ballS 0
1165.07 2518.89 1250.00 2518.89 1250.00 3010.96 1165.07 3010.96 ballS 0
1829.45 2531.11 1911.11 2531.11 1911.11 3060.27 1829.45 3060.27 ballS 0
2040.41 2522.22 2125.56 2522.22 2125.56 3035.62 2040.41 3035.62 ballS 0
2255.48 2533.33 2347.78 2533.33 2347.78 3031.51 2255.48 3031.51 ballS 0
2467.81 2516.67 2552.22 2516.67 2552.22 3019.18 2467.81 3019.18 ballS 0
2677.40 2509.38 2771.09 2509.38 2771.09 3024.66 2677.40 3024.66 ballS 0
1003.43 700.00 1081.51 700.00 1081.51 1072.60 1003.43 1072.60 ballS 0
1203.43 710.96 1277.40 710.96 1277.40 1102.74 1203.43 1102.74 ballS 0
1823.97 753.42 1910.27 753.42 1910.27 1109.59 1823.97 1109.59 ballS 0
2025.34 750.68 2113.01 750.68 2113.01 1138.36 2025.34 1138.36 ballS 0
2223.97 773.97 2310.27 773.97 2310.27 1249.32 2223.97 1249.32 ballS 0
2423.97 782.19 2511.64 782.19 2511.64 1254.80 2423.97 1254.80 ballS 0
2622.60 754.80 2717.12 754.80 2717.12 1271.23 2622.60 1271.23 ballS 0
