130.83 791.67 279.17 791.67 279.17 943.33 130.83 943.33 normal 0
325.83 988.33 462.50 988.33 462.50 1138.33 325.83 1138.33 normal 0
522.50 1178.33 654.17 1178.33 654.17 1326.67 522.50 1326.67 normal 0
704.17 1373.33 833.67 1373.33 833.67 1497.96 704.17 1497.96 normal 0
169.17 2075.00 300.83 2075.00 300.83 2205.00 169.17 2205.00 normal 0
357.50 2073.33 485.83 2073.33 485.83 2206.67 357.50 2206.67 normal 0
534.17 2075.00 662.50 2075.00 662.50 2211.67 534.17 2211.67 normal 0
722.50 2078.33 809.57 2078.33 809.57 2205.32 722.50 2205.32 normal 0
732.50 2750.00 780.83 2750.00 780.83 2873.33 732.50 2873.33 hole 0
564.17 2932.88 639.04 2932.88 639.04 3032.88 564.17 3032.88 normal 0
391.10 3097.26 489.73 3097.26 489.73 3190.41 391.10 3190.41 normal 0
210.83 3241.67 335.83 3241.67 335.83 3365.00 210.83 3365.00 normal 0
645.89 2921.92 680.14 2921.92 680.14 3039.73 645.89 3039.73 hole 0
