2353.79 1195.46 2482.57 1195.46 2482.57 1327.27 2353.79 1327.27 normal 0
2615.24 1011.38 2663.89 1011.38 2663.89 1073.54 2615.24 1073.54 hole 0
2555.29 1071.46 2604.72 1071.46 2604.72 1102.13 2555.29 1102.13 hole 0
2176.81 1397.78 2270.00 1397.78 2270.00 1501.94 2176.81 1501.94 normal 0
2498.81 2096.43 2623.81 2096.43 2623.81 2221.43 2498.81 2221.43 normal 0
2317.86 2089.28 2445.24 2089.28 2445.24 2219.05 2317.86 2219.05 normal 0
2147.78 2100.00 2263.09 2100.00 2263.09 2215.48 2147.78 2215.48 normal 0
2446.91 3108.64 2574.08 3108.64 2574.08 3230.86 2446.91 3230.86 hole 0
2298.89 2985.56 2401.24 2985.56 2401.24 3058.02 2298.89 3058.02 hole 0
2581.11 1074.44 2670.00 1074.44 2670.00 1126.67 2581.11 1126.67 normal 0
