301.02 2530.64 400.81 2530.64 400.81 2985.72 301.02 2985.72 ballS 0
521.43 2527.42 615.32 2527.42 615.32 2971.43 521.43 2971.43 ballS 0
733.67 2522.58 828.23 2522.58 828.23 2983.67 733.67 2983.67 ballS 0
945.92 2520.97 1033.07 2520.97 1033.07 2995.92 945.92 2995.92 ballS 0
1164.29 2509.68 1255.64 2509.68 1255.64 2997.96 1164.29 2997.96 ballS 0
1825.51 2551.61 1915.32 2551.61 1915.32 3040.82 1825.51 3040.82 ballS 0
2043.88 2548.39 2126.61 2548.39 2126.61 3030.61 2043.88 3030.61 ballS 0
390.12 746.91 479.54 746.91 479.54 1104.54 390.12 1104.54 ballS 0
596.29 746.91 682.58 746.91 682.58 1057.58 596.29 1057.58 ballS 0
807.32 723.63 893.74 723.63 893.74 1098.94 807.32 1098.94 ballS 0
1001.24 724.69 1079.76 724.69 1079.76 1071.43 1001.24 1071.43 ballS 0
1203.70 730.86 1277.38 730.86 1277.38 1054.76 1203.70 1054.76 ballS 0
1830.86 732.10 1906.82 732.10 1906.82 993.94 1830.86 993.94 ballS 0
