300.83 2530.00 397.50 2530.00 397.50 2931.67 300.83 2931.67 ballS 0
517.50 2531.67 604.17 2531.67 604.17 3013.33 517.50 3013.33 ballS 0
734.17 2520.00 825.83 2520.00 825.83 2991.67 734.17 2991.67 ballS 0
949.17 2506.67 1032.50 2506.67 1032.50 3035.00 949.17 3035.00 ballS 0
1162.50 2521.67 1250.83 2521.67 1250.83 3031.67 1162.50 3031.67 ballS 0
1825.83 2551.67 1919.17 2551.67 1919.17 3065.00 1825.83 3065.00 ballS 0
2039.17 2555.00 2135.83 2555.00 2135.83 3023.33 2039.17 3023.33 ballS 0
1829.79 766.80 1906.82 766.80 1906.82 1013.64 1829.79 1013.64 ballS 0
1203.45 719.54 1267.42 719.54 1267.42 1068.18 1203.45 1068.18 ballS 0
1005.75 726.44 1085.61 726.44 1085.61 1056.06 1005.75 1056.06 ballS 0
804.60 740.23 885.61 740.23 885.61 1025.76 804.60 1025.76 ballS 0
606.43 735.89 685.61 735.89 685.61 1066.67 606.43 1066.67 ballS 0
397.28 747.23 481.06 747.23 481.06 1106.06 397.28 1106.06 ballS 0
