117.05 781.82 262.50 781.82 262.50 931.82 117.05 931.82 normal 0
310.23 977.27 451.14 977.27 451.14 1127.27 310.23 1127.27 normal 0
505.68 1172.73 646.59 1172.73 646.59 1313.64 505.68 1313.64 normal 0
694.32 1365.91 835.23 1365.91 835.23 1504.54 694.32 1504.54 normal 0
160.23 2075.00 287.50 2075.00 287.50 2204.54 160.23 2204.54 normal 0
342.05 2068.18 476.14 2068.18 476.14 2206.82 342.05 2206.82 normal 0
528.41 2077.27 657.95 2077.27 657.95 2206.82 528.41 2206.82 normal 0
707.96 2077.27 844.32 2077.27 844.32 2211.36 707.96 2211.36 normal 0
364.77 3088.64 498.86 3088.64 498.86 3211.36 364.77 3211.36 normal 0
194.32 3243.18 328.41 3243.18 328.41 3370.46 194.32 3370.46 normal 0
