300.83 2530.00 397.50 2530.00 397.50 2931.67 300.83 2931.67 ballS 0
517.50 2531.67 604.17 2531.67 604.17 3013.33 517.50 3013.33 ballS 0
734.17 2520.00 825.83 2520.00 825.83 2991.67 734.17 2991.67 ballS 0
952.50 2495.00 1035.83 2495.00 1035.83 3023.33 952.50 3023.33 ballS 0
1162.50 2521.67 1250.83 2521.67 1250.83 3031.67 1162.50 3031.67 ballS 0
1825.83 2551.67 1919.17 2551.67 1919.17 3065.00 1825.83 3065.00 ballS 0
2039.17 2555.00 2135.83 2555.00 2135.83 3023.33 2039.17 3023.33 ballS 0
1829.89 770.12 1904.60 770.12 1904.60 1047.13 1829.89 1047.13 ballS 0
1203.45 725.76 1287.12 725.76 1287.12 1133.33 1203.45 1133.33 ballS 0
1005.75 726.44 1085.06 726.44 1085.06 1137.93 1005.75 1137.93 ballS 0
804.60 740.23 886.21 740.23 886.21 1113.79 804.60 1113.79 ballS 0
596.21 758.62 682.76 758.62 682.76 1190.91 596.21 1190.91 ballS 0
394.25 756.32 484.09 756.32 484.09 1189.39 394.25 1189.39 ballS 0
302.38 2935.88 382.87 2940.72 372.50 3113.33 292.00 3108.50 normal 0
515.76 2977.92 602.32 2982.24 595.90 3110.42 509.35 3106.09 normal 0
725.09 2987.89 820.99 2988.85 819.84 3103.15 723.95 3102.19 normal 0
