753.13 2801.56 831.25 2801.56 831.25 3020.31 753.13 3020.31 ballS 0
941.41 2518.75 1032.03 2518.75 1032.03 2998.44 941.41 2998.44 ballS 0
1164.84 2510.94 1255.47 2510.94 1255.47 3029.69 1164.84 3029.69 ballS 0
1825.78 2539.06 1914.84 2539.06 1914.84 3031.25 1825.78 3031.25 ballS 0
2042.97 2548.44 2133.59 2548.44 2133.59 3025.00 2042.97 3025.00 ballS 0
2258.59 2528.12 2347.66 2528.12 2347.66 3018.75 2258.59 3018.75 ballS 0
2680.47 2526.56 2780.47 2526.56 2780.47 3021.88 2680.47 3021.88 ballS 0
1019.17 731.82 1090.15 731.82 1090.15 1161.67 1019.17 1161.67 ballS 0
1202.27 731.82 1293.18 731.82 1293.18 1140.91 1202.27 1140.91 ballS 0
1828.03 750.00 1908.33 750.00 1908.33 1074.24 1828.03 1074.24 ballS 0
2029.54 760.61 2106.82 760.61 2106.82 1115.15 2029.54 1115.15 ballS 0
2229.55 765.15 2312.88 765.15 2312.88 1231.82 2229.55 1231.82 ballS 0
2426.51 753.33 2509.17 753.33 2509.17 1246.97 2426.51 1246.97 ballS 0
2623.49 758.33 2704.17 758.33 2704.17 1248.48 2623.49 1248.48 ballS 0
2475.00 2534.38 2562.50 2534.38 2562.50 3009.38 2475.00 3009.38 ballS 0
