643.75 2782.81 741.25 2782.81 741.25 3074.60 643.75 3074.60 ballS 0
859.98 2568.75 950.60 2568.75 950.60 3048.44 859.98 3048.44 ballS 0
1080.56 2562.37 1160.71 2562.37 1160.71 3071.43 1080.56 3071.43 ballS 0
1911.49 2581.92 2000.56 2581.92 2000.56 3074.11 1911.49 3074.11 ballS 0
2127.26 2584.15 2217.88 2584.15 2217.88 3060.72 2127.26 3060.72 ballS 0
2340.02 2578.12 2427.86 2578.12 2427.86 3067.14 2340.02 3067.14 ballS 0
2557.97 2582.01 2646.43 2582.01 2646.43 3011.43 2557.97 3011.43 ballS 0
2763.33 2590.85 2860.71 2590.85 2860.71 3031.43 2763.33 3031.43 ballS 0
919.39 642.02 1008.52 642.02 1008.52 1140.82 919.39 1140.82 ballS 0
1127.55 637.94 1225.84 637.94 1225.84 1136.74 1127.55 1136.74 ballS 0
1908.85 652.74 1986.99 652.74 1986.99 906.85 1908.85 906.85 ballS 0
2109.00 649.65 2188.36 649.65 2188.36 1156.16 2109.00 1156.16 ballS 0
2306.26 666.52 2395.21 666.52 2395.21 1205.48 2306.26 1205.48 ballS 0
2510.08 665.66 2596.57 665.66 2596.57 1206.85 2510.08 1206.85 ballS 0
2714.73 673.24 2800.69 673.24 2800.69 1208.22 2714.73 1208.22 ballS 0
