195.06 2482.72 279.01 2482.72 279.01 2932.10 195.06 2932.10 ballS 0
412.35 2487.66 501.23 2487.66 501.23 2913.58 412.35 2913.58 ballS 0
617.28 2491.36 720.99 2491.36 720.99 2951.85 617.28 2951.85 ballS 0
843.21 2502.47 932.10 2502.47 932.10 3003.70 843.21 3003.70 ballS 0
1053.09 2522.22 1155.56 2522.22 1155.56 2986.42 1053.09 2986.42 ballS 0
1722.22 2504.94 1808.64 2504.94 1808.64 3024.69 1722.22 3024.69 ballS 0
1939.51 2508.64 2024.69 2508.64 2024.69 3038.27 1939.51 3038.27 ballS 0
299.24 774.24 370.45 774.24 370.45 1153.03 299.24 1153.03 ballS 0
1103.79 751.52 1184.09 751.52 1184.09 1040.91 1103.79 1040.91 ballS 0
1723.48 795.46 1809.85 795.46 1809.85 1136.36 1723.48 1136.36 ballS 0
