292.04 2502.27 412.50 2502.27 412.50 3020.46 292.04 3020.46 ballS 0
519.32 2506.82 617.05 2506.82 617.05 2990.91 519.32 2990.91 ballS 0
730.68 2495.46 828.41 2495.46 828.41 3009.09 730.68 3009.09 ballS 0
942.04 2509.09 1044.32 2509.09 1044.32 3015.91 942.04 3015.91 ballS 0
1160.23 2509.09 1257.95 2509.09 1257.95 3084.09 1160.23 3084.09 ballS 0
1830.68 2520.46 1919.32 2520.46 1919.32 3047.73 1830.68 3047.73 ballS 0
2048.86 2525.00 2121.59 2525.00 2121.59 3020.46 2048.86 3020.46 ballS 0
395.83 750.00 492.50 750.00 492.50 1088.33 395.83 1088.33 ballS 0
1830.47 726.56 1908.59 726.56 1908.59 1085.94 1830.47 1085.94 ballS 0
1205.47 762.50 1282.03 762.50 1282.03 1176.56 1205.47 1176.56 ballS 0
1005.47 776.56 1085.16 776.56 1085.16 1168.75 1005.47 1168.75 ballS 0
796.10 771.88 883.59 771.88 883.59 1162.50 796.10 1162.50 ballS 0
592.97 757.81 688.28 757.81 688.28 1154.69 592.97 1154.69 ballS 0
