992.65 790.74 1075.73 790.74 1075.73 1227.20 992.65 1227.20 ballS 0
1199.07 747.06 1282.35 747.06 1282.35 1233.09 1199.07 1233.09 ballS 0
1825.00 744.44 1911.97 744.44 1911.97 1230.98 1825.00 1230.98 ballS 0
2023.15 751.85 2111.97 751.85 2111.97 1228.17 2023.15 1228.17 ballS 0
2225.00 750.00 2311.97 750.00 2311.97 1239.44 2225.00 1239.44 ballS 0
2428.03 751.52 2513.89 751.52 2513.89 1250.00 2428.03 1250.00 ballS 0
2626.85 766.67 2721.30 766.67 2721.30 1255.56 2626.85 1255.56 ballS 0
945.37 2500.00 1032.95 2500.00 1032.95 2972.73 945.37 2972.73 ballS 0
1158.33 2507.41 1249.07 2507.41 1249.07 3009.26 1158.33 3009.26 ballS 0
1828.70 2496.30 1915.74 2496.30 1915.74 3012.96 1828.70 3012.96 ballS 0
2041.67 2505.56 2141.67 2505.56 2141.67 3007.41 2041.67 3007.41 ballS 0
2252.78 2525.92 2354.63 2525.92 2354.63 3031.48 2252.78 3031.48 ballS 0
2471.30 2522.22 2567.59 2522.22 2567.59 3042.59 2471.30 3042.59 ballS 0
2686.11 2514.82 2786.11 2514.82 2786.11 3033.33 2686.11 3033.33 ballS 0
725.00 2503.12 828.13 2503.12 828.13 2937.50 725.00 2937.50 ballS 0
