728.89 2694.44 812.04 2694.44 812.04 3072.22 728.89 3072.22 ballS 0
938.89 2688.89 1026.85 2688.89 1026.85 3083.33 938.89 3083.33 ballS 0
1163.33 2695.56 1247.22 2695.56 1247.22 3061.11 1163.33 3061.11 ballS 0
1831.11 2705.56 1921.23 2705.56 1921.23 3100.00 1831.11 3100.00 ballS 0
2036.67 2710.00 2137.67 2710.00 2137.67 3110.96 2036.67 3110.96 ballS 0
2255.56 2716.67 2347.26 2716.67 2347.26 3060.27 2255.56 3060.27 ballS 0
2471.11 2713.33 2567.78 2713.33 2567.78 3021.11 2471.11 3021.11 ballS 0
2687.26 2717.65 2788.36 2717.65 2788.36 3106.85 2687.26 3106.85 ballS 0
1002.35 720.00 1081.18 720.00 1081.18 1029.41 1002.35 1029.41 ballS 0
1207.06 720.00 1282.35 720.00 1282.35 1035.30 1207.06 1035.30 ballS 0
2028.23 736.47 2102.35 736.47 2102.35 1034.12 2028.23 1034.12 ballS 0
2225.88 731.76 2308.24 731.76 2308.24 1042.35 2225.88 1042.35 ballS 0
2427.06 730.59 2507.06 730.59 2507.06 1050.59 2427.06 1050.59 ballS 0
2624.71 734.12 2710.59 734.12 2710.59 1051.76 2624.71 1051.76 ballS 0
1825.34 706.85 1913.01 706.85 1913.01 1060.27 1825.34 1060.27 ballS 0
