2039.77 2702.27 2126.14 2702.27 2126.14 3129.54 2039.77 3129.54 ballS 0
1826.14 2688.64 1921.59 2688.64 1921.59 3134.09 1826.14 3134.09 ballS 0
1162.50 2684.09 1255.68 2684.09 1255.68 3122.73 1162.50 3122.73 ballS 0
937.50 2675.00 1030.68 2675.00 1030.68 3120.46 937.50 3120.46 ballS 0
721.59 2688.64 823.86 2688.64 823.86 3113.64 721.59 3113.64 ballS 0
503.41 2677.27 603.41 2677.27 603.41 3109.09 503.41 3109.09 ballS 0
292.04 2672.73 394.32 2672.73 394.32 3113.64 292.04 3113.64 ballS 0
1831.23 705.09 1917.05 705.09 1917.05 1068.18 1831.23 1068.18 ballS 0
1201.96 705.36 1287.77 705.36 1287.77 1068.46 1201.96 1068.46 ballS 0
999.95 701.09 1085.77 701.09 1085.77 1064.18 999.95 1064.18 ballS 0
810.18 694.92 886.04 697.96 871.30 1066.18 795.44 1063.15 ballS 0
