728.89 2694.44 815.56 2694.44 815.56 2996.67 728.89 2996.67 ballS 0
938.89 2688.89 1030.00 2688.89 1030.00 3008.89 938.89 3008.89 ballS 0
1163.33 2695.56 1248.89 2695.56 1248.89 3012.22 1163.33 3012.22 ballS 0
1831.11 2705.56 1915.56 2705.56 1915.56 3011.11 1831.11 3011.11 ballS 0
2036.67 2710.00 2132.22 2710.00 2132.22 3021.11 2036.67 3021.11 ballS 0
2255.56 2716.67 2348.89 2716.67 2348.89 3011.11 2255.56 3011.11 ballS 0
2471.11 2713.33 2567.78 2713.33 2567.78 3021.11 2471.11 3021.11 ballS 0
2687.26 2717.65 2781.37 2717.65 2781.37 3019.61 2687.26 3019.61 ballS 0
1002.35 720.00 1081.18 720.00 1081.18 1029.41 1002.35 1029.41 ballS 0
1207.06 720.00 1282.35 720.00 1282.35 1035.30 1207.06 1035.30 ballS 0
2028.23 736.47 2102.35 736.47 2102.35 1034.12 2028.23 1034.12 ballS 0
2225.88 731.76 2308.24 731.76 2308.24 1042.35 2225.88 1042.35 ballS 0
2427.06 730.59 2507.06 730.59 2507.06 1050.59 2427.06 1050.59 ballS 0
2624.71 734.12 2710.59 734.12 2710.59 1051.76 2624.71 1051.76 ballS 0
