119.00 784.00 264.00 784.00 264.00 935.00 119.00 935.00 ballL 0
318.00 974.00 461.00 974.00 461.00 1128.00 318.00 1128.00 ballL 0
512.00 1171.00 647.73 1171.00 647.73 1316.67 512.00 1316.67 ballS 0
699.00 1364.00 843.00 1364.00 843.00 1505.00 699.00 1505.00 hole 0
167.00 2067.00 299.00 2067.00 299.00 2206.00 167.00 2206.00 ballS 0
351.00 2073.00 482.00 2073.00 482.00 2205.00 351.00 2205.00 hole 0
533.00 2072.00 666.00 2072.00 666.00 2211.00 533.00 2211.00 hole 0
714.00 2073.00 849.00 2073.00 849.00 2211.00 714.00 2211.00 hole 0
211.76 3240.00 342.35 3240.00 342.35 3374.12 211.76 3374.12 ballS 0
375.29 3080.00 509.41 3080.00 509.41 3212.94 375.29 3212.94 ballS 0
550.59 2918.82 682.35 2918.82 682.35 3048.24 550.59 3048.24 hole 0
738.82 2757.65 852.94 2757.65 852.94 2877.65 738.82 2877.65 hole 0
1414.12 3257.65 1542.35 3257.65 1542.35 3384.70 1414.12 3384.70 hole 0
1414.57 3108.52 1545.68 3108.52 1545.68 3207.41 1414.57 3207.41 hole 0
1427.16 2977.78 1545.68 2977.78 1545.68 3046.91 1427.16 3046.91 hole 0
1425.00 2764.82 1552.78 2764.82 1552.78 2883.33 1425.00 2883.33 hole 0
