728.89 2722.73 814.39 2722.73 814.39 3043.94 728.89 3043.94 ballS 0
938.89 2734.85 1025.00 2734.85 1025.00 3068.18 938.89 3068.18 ballS 0
1163.33 2724.24 1253.79 2724.24 1253.79 3061.11 1163.33 3061.11 ballS 0
1831.11 2733.33 1915.91 2733.33 1915.91 3039.39 1831.11 3039.39 ballS 0
2036.67 2739.39 2128.03 2739.39 2128.03 3051.52 2036.67 3051.52 ballS 0
2255.56 2746.97 2352.27 2746.97 2352.27 3045.46 2255.56 3045.46 ballS 0
2471.11 2734.85 2568.94 2734.85 2568.94 3050.00 2471.11 3050.00 ballS 0
2687.26 2722.73 2779.55 2722.73 2779.55 3051.52 2687.26 3051.52 ballS 0
1002.35 720.00 1081.18 720.00 1081.18 1029.41 1002.35 1029.41 ballS 0
1207.06 720.00 1282.35 720.00 1282.35 1035.30 1207.06 1035.30 ballS 0
2028.23 736.47 2102.35 736.47 2102.35 1034.12 2028.23 1034.12 ballS 0
2225.88 731.76 2308.24 731.76 2308.24 1042.35 2225.88 1042.35 ballS 0
2427.06 730.59 2507.06 730.59 2507.06 1050.59 2427.06 1050.59 ballS 0
2624.71 734.12 2710.59 734.12 2710.59 1051.76 2624.71 1051.76 ballS 0
1831.06 733.33 1905.30 733.33 1905.30 1028.79 1831.06 1028.79 ballS 0
