295.83 720.00 387.50 720.00 387.50 1035.00 295.83 1035.00 ballS 0
500.83 713.33 585.83 713.33 585.83 1025.00 500.83 1025.00 ballS 0
702.50 716.67 784.17 716.67 784.17 1031.67 702.50 1031.67 ballS 0
897.17 721.33 978.83 721.33 978.83 1036.33 897.17 1036.33 ballS 0
1101.83 721.00 1183.50 721.00 1183.50 1036.00 1101.83 1036.00 ballS 0
1724.83 724.00 1806.50 724.00 1806.50 1039.00 1724.83 1039.00 ballS 0
1929.50 732.00 1971.88 732.00 1971.88 1029.69 1929.50 1029.69 ballS 0
1054.17 2728.33 1135.83 2728.33 1135.83 3043.33 1054.17 3043.33 ballS 0
1722.17 2734.67 1807.50 2734.67 1807.50 3021.67 1722.17 3021.67 ballS 0
1935.17 2721.00 2020.83 2721.00 2020.83 3026.67 1935.17 3026.67 ballS 0
840.50 2711.33 922.17 2711.33 922.17 3026.33 840.50 3026.33 ballS 0
623.50 2712.67 705.17 2712.67 705.17 3027.67 623.50 3027.67 ballS 0
408.17 2709.00 489.83 2709.00 489.83 3024.00 408.17 3024.00 ballS 0
192.83 2710.33 270.83 2710.33 270.83 2978.33 192.83 2978.33 ballS 0
