389.71 711.84 481.38 711.84 481.38 1026.84 389.71 1026.84 ballS 0
592.67 711.29 677.67 711.29 677.67 1022.96 592.67 1022.96 ballS 0
808.62 718.71 890.29 718.71 890.29 1033.71 808.62 1033.71 ballS 0
995.13 723.38 1076.79 723.38 1076.79 1038.38 995.13 1038.38 ballS 0
1207.96 725.08 1289.62 725.08 1289.62 1040.08 1207.96 1040.08 ballS 0
1826.87 740.33 1908.54 740.33 1908.54 1055.33 1826.87 1055.33 ballS 0
1156.21 2712.01 1237.88 2712.01 1237.88 3027.01 1156.21 3027.01 ballS 0
1832.37 2724.46 1917.70 2724.46 1917.70 3011.46 1832.37 3011.46 ballS 0
2053.53 2723.04 2139.20 2723.04 2139.20 3028.71 2053.53 3028.71 ballS 0
946.62 2721.54 1028.29 2721.54 1028.29 3036.54 946.62 3036.54 ballS 0
735.74 2712.67 817.41 2712.67 817.41 3027.67 735.74 3027.67 ballS 0
518.37 2717.16 600.04 2717.16 600.04 3032.16 518.37 3032.16 ballS 0
311.20 2720.54 389.20 2720.54 389.20 2988.54 311.20 2988.54 ballS 0
