2746.43 808.57 2887.86 808.57 2887.86 955.72 2746.43 955.72 hole 0
2552.14 1002.86 2686.43 1002.86 2686.43 1145.72 2552.14 1145.72 hole 0
2164.29 1387.76 2292.86 1387.76 2292.86 1497.96 2164.29 1497.96 normal 0
2364.28 1208.16 2476.53 1208.16 2476.53 1316.33 2364.28 1316.33 normal 0
2135.00 2084.28 2275.00 2084.28 2275.00 2222.86 2135.00 2222.86 hole 0
2319.28 2087.14 2457.86 2087.14 2457.86 2224.28 2319.28 2224.28 hole 0
2500.71 2084.28 2642.14 2084.28 2642.14 2227.14 2500.71 2227.14 hole 0
2682.14 2090.00 2823.57 2090.00 2823.57 2230.00 2682.14 2230.00 hole 0
2617.86 3265.72 2757.39 3265.72 2757.39 3397.39 2617.86 3397.39 ballS 0
2449.29 3102.04 2592.86 3102.04 2592.86 3228.70 2449.29 3228.70 hole 0
773.15 1355.56 839.81 1355.56 839.81 1500.00 773.15 1500.00 ballS 0
1523.16 3284.68 1546.42 3284.68 1546.42 3378.48 1523.16 3378.48 hole 0
2290.82 2940.82 2415.31 2940.82 2415.31 3057.14 2290.82 3057.14 hole 0
