119.00 784.00 264.00 784.00 264.00 935.00 119.00 935.00 ballL 0
318.00 974.00 461.00 974.00 461.00 1128.00 318.00 1128.00 ballL 0
512.00 1171.00 645.00 1171.00 645.00 1312.00 512.00 1312.00 ballS 0
699.00 1364.00 843.00 1364.00 843.00 1505.00 699.00 1505.00 hole 0
167.00 2067.00 299.00 2067.00 299.00 2206.00 167.00 2206.00 ballS 0
351.00 2073.00 482.00 2073.00 482.00 2205.00 351.00 2205.00 hole 0
533.00 2072.00 666.00 2072.00 666.00 2211.00 533.00 2211.00 hole 0
714.00 2073.00 849.00 2073.00 849.00 2211.00 714.00 2211.00 hole 0
211.76 3240.00 342.35 3240.00 342.35 3374.12 211.76 3374.12 ballS 0
375.29 3080.00 509.41 3080.00 509.41 3212.94 375.29 3212.94 hole 0
550.59 2918.82 682.35 2918.82 682.35 3048.24 550.59 3048.24 hole 0
1414.12 3257.65 1545.46 3257.65 1545.46 3383.12 1414.12 3383.12 hole 0
726.13 2797.73 855.68 2797.73 855.68 2872.73 726.13 2872.73 hole 0
1422.60 2782.19 1545.89 2782.19 1545.89 2864.38 1422.60 2864.38 hole 0
1421.23 2952.06 1554.11 2952.06 1554.11 3047.94 1421.23 3047.94 hole 0
1421.23 3106.85 1471.92 3106.85 1471.92 3189.04 1421.23 3189.04 hole 0
1485.62 3119.18 1548.63 3119.18 1548.63 3209.59 1485.62 3209.59 hole 0
