2746.43 808.57 2887.86 808.57 2887.86 955.72 2746.43 955.72 hole 0
2552.14 1002.86 2686.43 1002.86 2686.43 1145.72 2552.14 1145.72 hole 0
2172.50 1398.33 2280.83 1398.33 2280.83 1506.67 2172.50 1506.67 normal 0
2369.17 1210.00 2484.17 1210.00 2484.17 1320.00 2369.17 1320.00 normal 0
2135.00 2084.28 2275.00 2084.28 2275.00 2222.86 2135.00 2222.86 hole 0
2319.28 2087.14 2457.86 2087.14 2457.86 2224.28 2319.28 2224.28 hole 0
2500.71 2084.28 2642.14 2084.28 2642.14 2227.14 2500.71 2227.14 hole 0
2682.14 2090.00 2823.57 2090.00 2823.57 2230.00 2682.14 2230.00 hole 0
2617.86 3265.72 2755.00 3265.72 2755.00 3400.00 2617.86 3400.00 ballS 0
2449.29 3098.57 2592.14 3098.57 2592.14 3234.28 2449.29 3234.28 ballS 0
1512.74 3282.94 1547.29 3282.94 1547.29 3376.89 1512.74 3376.89 hole 0
140.23 797.70 209.20 797.70 209.20 920.69 140.23 920.69 ballS 0
1412.39 3266.72 1445.41 3266.72 1445.41 3360.59 1412.39 3360.59 hole 0
2290.83 2943.33 2422.50 2943.33 2422.50 3066.67 2290.83 3066.67 hole 0
