119.00 784.00 264.00 784.00 264.00 935.00 119.00 935.00 ballL 0
318.00 974.00 461.00 974.00 461.00 1128.00 318.00 1128.00 ballL 0
512.00 1171.00 645.00 1171.00 645.00 1312.00 512.00 1312.00 ballS 0
699.00 1364.00 843.00 1364.00 843.00 1505.00 699.00 1505.00 hole 0
167.00 2067.00 299.00 2067.00 299.00 2206.00 167.00 2206.00 hole 0
345.01 2070.60 482.63 2070.60 482.63 2203.00 345.01 2203.00 hole 0
531.20 2072.00 664.67 2072.00 664.67 2203.00 531.20 2203.00 hole 0
810.29 2113.12 845.35 2113.12 845.35 2205.90 810.29 2205.90 hole 0
211.76 3240.00 342.35 3240.00 342.35 3374.12 211.76 3374.12 ballS 0
375.29 3080.00 509.41 3080.00 509.41 3212.94 375.29 3212.94 hole 0
550.59 2918.82 682.35 2918.82 682.35 3048.24 550.59 3048.24 hole 0
1417.82 3253.94 1541.98 3253.94 1541.98 3365.43 1417.82 3365.43 hole 0
1426.32 3108.64 1545.79 3108.64 1545.79 3203.51 1426.32 3203.51 hole 0
1417.50 2950.00 1542.50 2950.00 1542.50 3043.33 1417.50 3043.33 hole 0
