2746.43 808.57 2887.86 808.57 2887.86 955.72 2746.43 955.72 hole 0
2552.14 1002.86 2686.43 1002.86 2686.43 1145.72 2552.14 1145.72 hole 0
2159.85 1392.42 2294.70 1392.42 2294.70 1500.00 2159.85 1500.00 normal 0
2368.94 1204.54 2479.55 1204.54 2479.55 1321.21 2368.94 1321.21 normal 0
2135.00 2084.28 2275.00 2084.28 2275.00 2222.86 2135.00 2222.86 hole 0
2319.28 2087.14 2457.86 2087.14 2457.86 2224.28 2319.28 2224.28 hole 0
2500.71 2084.28 2642.14 2084.28 2642.14 2227.14 2500.71 2227.14 hole 0
2682.14 2090.00 2823.57 2090.00 2823.57 2230.00 2682.14 2230.00 hole 0
2617.86 3265.72 2754.81 3265.72 2754.81 3392.31 2617.86 3392.31 ballS 0
2449.29 3102.88 2580.55 3102.88 2580.55 3225.92 2449.29 3225.92 hole 0
774.54 1360.45 841.67 1360.45 841.67 1498.48 774.54 1498.48 ballS 0
2288.64 2939.39 2418.94 2939.39 2418.94 3057.58 2288.64 3057.58 hole 0
