1053.92 476.33 1338.28 476.33 1338.28 548.44 1053.92 548.44 ballS 0
1803.25 479.01 2072.36 479.01 2072.36 543.90 1803.25 543.90 ballS 0
1342.06 478.50 1554.21 478.50 1554.21 548.60 1342.06 548.60 normal 0
1652.34 480.37 1742.28 480.37 1742.28 544.72 1652.34 544.72 normal 0
339.78 1203.68 412.15 1203.68 412.15 1554.20 339.78 1554.20 ballL 0
355.39 1765.66 432.23 1762.59 437.78 1901.11 360.94 1904.19 ballL 0
357.01 1667.29 428.97 1667.29 428.97 1736.45 357.01 1736.45 ballL 0
1741.67 2858.33 2036.90 2858.33 2036.90 2930.95 1741.67 2930.95 hole 0
1615.48 2864.28 1700.00 2864.28 1700.00 2926.19 1615.48 2926.19 hole 0
1079.76 2882.14 1464.75 2882.14 1464.75 2925.18 1079.76 2925.18 hole 0
1492.09 2873.38 1578.42 2873.38 1578.42 2928.06 1492.09 2928.06 hole 0
367.78 1910.00 438.89 1910.00 438.89 2110.00 367.78 2110.00 hole 0
