1240.81 455.17 1349.42 455.17 1349.42 570.69 1240.81 570.69 ballL 0
994.25 540.80 1109.20 540.80 1109.20 659.77 994.25 659.77 ballL 0
1480.46 415.52 1598.28 415.52 1598.28 531.04 1480.46 531.04 ballL 0
610.95 1081.02 943.06 1081.02 943.06 1160.58 610.95 1160.58 ballL 0
606.57 913.87 940.88 913.87 940.88 993.43 606.57 993.43 ballS 0
398.73 1168.99 513.29 1168.99 513.29 1283.54 398.73 1283.54 ballL 0
325.95 1403.80 439.24 1403.80 439.24 1517.09 325.95 1517.09 ballL 0
1731.08 430.18 1845.94 430.18 1845.94 548.65 1731.08 548.65 ballL 0
1970.72 493.69 2091.89 493.69 2091.89 613.51 1970.72 613.51 ballS 0
297.28 1630.44 415.22 1630.44 415.22 1754.35 297.28 1754.35 ballL 0
323.91 1865.22 435.33 1865.22 435.33 1983.15 323.91 1983.15 hole 0
694.02 2449.46 1012.50 2449.46 1012.50 2521.74 694.02 2521.74 hole 0
696.19 2599.46 1015.76 2599.46 1015.76 2671.20 696.19 2671.20 hole 0
1038.54 2767.71 1145.83 2767.71 1145.83 2870.83 1038.54 2870.83 hole 0
1268.75 2841.67 1367.19 2841.67 1367.19 2941.14 1268.75 2941.14 hole 0
1486.98 2875.00 1593.23 2875.00 1593.23 2981.25 1486.98 2981.25 hole 0
1712.12 2862.88 1818.94 2862.88 1818.94 2965.15 1712.12 2965.15 hole 0
