1739.23 476.92 1930.77 476.92 1930.77 553.85 1739.23 553.85 hole 0
1937.69 476.92 2057.69 476.92 2057.69 549.23 1937.69 549.23 normal 0
1329.23 476.92 1546.15 476.92 1546.15 546.15 1329.23 546.15 normal 0
1551.54 474.62 1580.77 474.62 1580.77 519.23 1551.54 519.23 hole 0
1110.00 517.69 1256.15 517.69 1256.15 553.85 1110.00 553.85 hole 0
334.92 1201.28 413.15 1198.15 422.34 1427.66 344.11 1430.79 ballL 0
359.93 1774.86 430.61 1772.03 445.79 2151.40 375.11 2154.23 hole 0
1735.71 2858.73 1994.45 2858.73 1994.45 2930.16 1735.71 2930.16 hole 0
1614.29 2861.11 1693.65 2861.11 1693.65 2926.19 1614.29 2926.19 hole 0
1074.60 2860.32 1575.40 2860.32 1575.40 2926.98 1074.60 2926.98 hole 0
350.00 1450.00 426.60 1450.00 426.60 1602.13 350.00 1602.13 hole 0
