1196.61 472.88 1406.78 472.88 1406.78 550.85 1196.61 550.85 ballS 0
1742.44 474.58 1940.68 474.58 1940.68 547.48 1742.44 547.48 hole 0
1947.46 478.81 2191.37 478.81 2191.37 549.64 1947.46 549.64 normal 0
1552.52 471.22 1576.98 471.22 1576.98 517.27 1552.52 517.27 hole 0
1224.00 2893.00 1471.00 2893.00 1471.00 2929.00 1224.00 2929.00 hole 0
1493.00 2865.00 1585.00 2865.00 1585.00 2927.00 1493.00 2927.00 hole 0
1616.00 2859.00 1696.00 2859.00 1696.00 2926.00 1616.00 2926.00 hole 0
1734.00 2859.00 2145.00 2859.00 2145.00 2928.00 1734.00 2928.00 hole 0
2782.41 1481.48 2862.04 1481.48 2862.04 1740.74 2782.41 1740.74 hole 0
2760.19 1985.18 2843.52 1985.18 2843.52 2314.82 2760.19 2314.82 hole 0
2802.78 1191.67 2869.77 1191.67 2869.77 1469.77 2802.78 1469.77 ballS 0
2770.83 1858.33 2800.00 1858.33 2800.00 1968.06 2770.83 1968.06 hole 0
