1979.54 488.64 2092.04 488.64 2092.04 613.64 1979.54 613.64 wave 0
1246.15 460.14 1351.75 460.14 1351.75 569.23 1246.15 569.23 ballS 0
1000.00 539.86 1105.59 539.86 1105.59 658.74 1000.00 658.74 ballL 0
633.33 1078.05 905.69 1078.05 905.69 1155.28 633.33 1155.28 hole 0
656.10 915.45 895.12 915.45 895.12 988.62 656.10 988.62 ballS 0
395.76 1170.34 507.63 1170.34 507.63 1280.51 395.76 1280.51 ballL 0
328.81 1405.08 439.83 1405.08 439.83 1512.71 328.81 1512.71 ballS 0
297.46 1639.83 413.56 1639.83 413.56 1750.85 297.46 1750.85 hole 0
694.07 2451.70 783.90 2451.70 783.90 2520.34 694.07 2520.34 hole 0
696.61 2602.54 778.81 2602.54 778.81 2665.26 696.61 2665.26 hole 0
1039.70 2769.06 1144.37 2769.06 1144.37 2869.02 1039.70 2869.02 hole 0
794.29 2602.86 997.86 2602.86 997.86 2666.43 794.29 2666.43 normal 0
790.48 2458.33 987.50 2458.33 987.50 2513.10 790.48 2513.10 normal 0
1266.20 2838.03 1363.38 2838.03 1363.38 2941.55 1266.20 2941.55 hole 0
1777.88 2865.38 1817.31 2865.38 1817.31 2919.23 1777.88 2919.23 hole 0
326.00 1872.00 432.00 1872.00 432.00 1976.00 326.00 1976.00 ballS 0
