400.94 1166.04 519.81 1166.04 519.81 1283.02 400.94 1283.02 hole 0
323.59 1401.89 437.24 1401.89 437.24 1514.89 323.59 1514.89 hole 0
655.48 919.18 897.94 919.18 897.94 989.04 655.48 989.04 ballS 0
1003.43 546.58 1101.70 546.58 1101.70 653.39 1003.43 653.39 ballS 0
1249.15 460.08 1343.22 460.08 1343.22 568.64 1249.15 568.64 ballS 0
654.00 1082.00 906.25 1082.00 906.25 1156.25 654.00 1156.25 ballS 0
309.03 1637.50 406.52 1637.50 406.52 1744.44 309.03 1744.44 normal 0
334.44 1869.56 436.96 1869.56 436.96 1973.33 334.44 1973.33 normal 0
747.10 2466.67 787.68 2466.67 787.68 2513.04 747.10 2513.04 hole 0
750.00 2607.25 777.54 2607.25 777.54 2631.88 750.00 2631.88 hole 0
1054.86 2770.83 1126.81 2770.83 1126.81 2866.67 1054.86 2866.67 ballS 0
793.75 2453.75 997.50 2453.75 997.50 2525.00 793.75 2525.00 normal 0
780.00 2602.50 998.75 2602.50 998.75 2667.50 780.00 2667.50 normal 0
1985.62 490.41 2077.40 490.41 2077.40 605.48 1985.62 605.48 ballS 0
1737.50 434.09 1828.08 434.09 1828.08 541.10 1737.50 541.10 ballS 0
1497.17 418.18 1591.52 418.18 1591.52 527.12 1497.17 527.12 ballS 0
