1950.43 2818.26 2045.22 2818.26 2045.22 2910.44 1950.43 2910.44 hole 0
2336.52 2460.87 2386.09 2460.87 2386.09 2520.87 2336.52 2520.87 hole 0
2325.22 2633.04 2364.35 2633.04 2364.35 2673.91 2325.22 2673.91 hole 0
2409.56 2628.70 2460.87 2628.70 2460.87 2673.04 2409.56 2673.04 hole 0
2454.78 2458.26 2508.70 2458.26 2508.70 2522.61 2454.78 2522.61 hole 0
2206.09 2461.74 2333.91 2461.74 2333.91 2526.09 2206.09 2526.09 normal 0
2212.17 2613.91 2322.61 2613.91 2322.61 2674.78 2212.17 2674.78 normal 0
2703.85 1173.85 2803.84 1173.85 2803.84 1289.23 2703.85 1289.23 hole 0
2773.08 1413.85 2879.23 1413.85 2879.23 1523.08 2773.08 1523.08 hole 0
2799.23 1647.69 2908.46 1647.69 2908.46 1753.85 2799.23 1753.85 hole 0
2782.31 1878.46 2885.38 1878.46 2885.38 1987.69 2782.31 1987.69 hole 0
2708.46 2103.08 2814.61 2103.08 2814.61 2213.85 2708.46 2213.85 hole 0
2483.18 919.63 2536.45 919.63 2536.45 941.12 2483.18 941.12 hole 0
2284.11 918.69 2475.70 918.69 2475.70 994.39 2284.11 994.39 normal 0
2285.05 1085.05 2573.83 1085.05 2573.83 1161.68 2285.05 1161.68 normal 0
1981.31 502.80 2076.64 502.80 2076.64 614.02 1981.31 614.02 normal 0
1739.25 441.12 1834.58 441.12 1834.58 550.47 1739.25 550.47 normal 0
1498.13 428.97 1588.79 428.97 1588.79 525.23 1498.13 525.23 normal 0
1250.47 463.06 1346.85 463.06 1346.85 572.90 1250.47 572.90 ballS 0
2480.85 938.30 2578.72 938.30 2578.72 984.04 2480.85 984.04 normal 0
2393.04 2462.61 2459.13 2462.61 2459.13 2520.00 2393.04 2520.00 normal 0
