1484.38 420.83 1607.29 420.83 1607.29 525.00 1484.38 525.00 normal 0
1730.21 435.42 1846.88 435.42 1846.88 547.92 1730.21 547.92 normal 0
1971.88 493.75 2098.96 493.75 2098.96 616.67 1971.88 616.67 normal 0
2286.46 902.08 2590.63 902.08 2590.63 983.33 2286.46 983.33 normal 0
2282.29 1077.08 2588.54 1077.08 2588.54 1156.25 2282.29 1156.25 normal 0
2703.13 1181.25 2813.54 1181.25 2813.54 1285.42 2703.13 1285.42 hole 0
2778.13 1412.50 2876.04 1412.50 2876.04 1514.58 2778.13 1514.58 ballS 0
2803.12 1647.92 2905.21 1647.92 2905.21 1756.25 2803.12 1756.25 hole 0
2773.96 1879.17 2882.29 1879.17 2882.29 1987.50 2773.96 1987.50 hole 0
2201.04 2454.17 2498.96 2454.17 2498.96 2518.75 2201.04 2518.75 normal 0
2196.88 2606.25 2490.62 2606.25 2490.62 2672.92 2196.88 2672.92 normal 0
1490.62 2885.42 1596.88 2885.42 1596.88 2972.92 1490.62 2972.92 wave 0
1265.62 2841.67 1369.79 2841.67 1369.79 2935.42 1265.62 2935.42 wave 0
1717.81 2871.23 1819.18 2871.23 1819.18 2963.01 1717.81 2963.01 normal 0
1941.10 2815.07 2047.94 2815.07 2047.94 2898.63 1941.10 2898.63 normal 0
