1973.75 500.00 2080.00 500.00 2080.00 612.50 1973.75 612.50 normal 0
1732.50 433.75 1843.75 433.75 1843.75 545.00 1732.50 545.00 normal 0
1480.00 423.75 1595.00 423.75 1595.00 525.00 1480.00 525.00 normal 0
1238.75 462.50 1340.00 462.50 1340.00 566.25 1238.75 566.25 normal 0
997.25 551.25 1101.00 551.25 1101.00 657.50 997.25 657.50 wave 0
621.01 917.39 923.91 917.39 923.91 994.20 621.01 994.20 normal 0
618.12 1079.71 923.91 1079.71 923.91 1153.62 618.12 1153.62 normal 0
397.83 1171.02 505.07 1171.02 505.07 1279.71 397.83 1279.71 wave 0
335.51 1417.39 436.00 1417.39 436.00 1518.00 335.51 1518.00 wave 0
368.84 1876.81 397.83 1876.81 397.83 1902.90 368.84 1902.90 hole 0
387.68 2110.14 425.36 2110.14 425.36 2147.83 387.68 2147.83 hole 0
705.07 2453.62 994.93 2453.62 994.93 2520.29 705.07 2520.29 normal 0
1258.70 2844.93 1365.94 2844.93 1365.94 2934.78 1258.70 2934.78 wave 0
1487.68 2881.16 1589.13 2881.16 1589.13 2972.46 1487.68 2972.46 wave 0
1712.32 2871.02 1812.32 2871.02 1812.32 2959.42 1712.32 2959.42 wave 0
1943.90 2817.45 2050.69 2817.45 2050.69 2908.33 1943.90 2908.33 wave 0
710.91 2607.27 985.46 2607.27 985.46 2656.36 710.91 2656.36 normal 0
1038.57 2768.57 1141.43 2768.57 1141.43 2868.57 1038.57 2868.57 wave 0
