1743.75 441.25 1837.50 441.25 1837.50 540.00 1743.75 540.00 normal 0
1981.25 501.25 2087.50 501.25 2087.50 607.50 1981.25 607.50 normal 0
2273.75 923.75 2590.00 923.75 2590.00 997.50 2273.75 997.50 normal 0
2268.75 1086.25 2583.75 1086.25 2583.75 1158.75 2268.75 1158.75 normal 0
2700.83 1176.67 2805.83 1176.67 2805.83 1285.00 2700.83 1285.00 hole 0
2774.17 1416.67 2879.17 1416.67 2879.17 1531.67 2774.17 1531.67 hole 0
2802.50 1650.00 2907.50 1650.00 2907.50 1758.33 2802.50 1758.33 hole 0
2772.50 1880.00 2875.83 1880.00 2875.83 1988.33 2772.50 1988.33 hole 0
2704.17 2106.67 2809.17 2106.67 2809.17 2220.00 2704.17 2220.00 hole 0
2209.17 2460.00 2495.83 2460.00 2495.83 2523.33 2209.17 2523.33 normal 0
2204.17 2611.67 2484.17 2611.67 2484.17 2673.33 2204.17 2673.33 normal 0
1486.60 416.50 1597.94 416.50 1597.94 536.08 1486.60 536.08 ballS 0
1242.27 460.82 1347.42 460.82 1347.42 578.35 1242.27 578.35 wave 0
