1743.75 441.25 1837.50 441.25 1837.50 540.00 1743.75 540.00 normal 0
1981.25 501.25 2087.50 501.25 2087.50 607.50 1981.25 607.50 normal 0
2273.75 923.75 2578.35 923.75 2578.35 990.72 2273.75 990.72 normal 0
2272.51 1080.34 2587.51 1080.34 2587.51 1152.84 2272.51 1152.84 normal 0
2700.83 1176.67 2805.83 1176.67 2805.83 1285.00 2700.83 1285.00 hole 0
2774.17 1416.67 2879.17 1416.67 2879.17 1531.67 2774.17 1531.67 hole 0
2802.50 1650.00 2907.50 1650.00 2907.50 1758.33 2802.50 1758.33 hole 0
2772.50 1880.00 2875.83 1880.00 2875.83 1988.33 2772.50 1988.33 hole 0
2704.17 2106.67 2809.17 2106.67 2809.17 2220.00 2704.17 2220.00 hole 0
2209.17 2460.00 2495.83 2460.00 2495.83 2523.33 2209.17 2523.33 normal 0
2204.17 2611.67 2484.17 2611.67 2484.17 2673.33 2204.17 2673.33 normal 0
1246.43 458.57 1346.43 458.57 1346.43 572.86 1246.43 572.86 wave 0
1487.86 418.57 1599.28 418.57 1599.28 532.86 1487.86 532.86 wave 0
