2395.39 840.00 2475.38 840.00 2475.38 1144.62 2395.39 1144.62 ballL 0
2254.61 638.36 2336.99 638.36 2336.99 1267.69 2254.61 1267.69 ballS 0
2065.39 529.23 2163.85 529.23 2163.85 666.15 2065.39 666.15 ballL 0
1894.61 453.85 1985.38 453.85 1985.38 593.85 1894.61 593.85 ballL 0
1193.16 426.50 1509.40 426.50 1509.40 496.58 1193.16 496.58 ballL 0
779.23 558.46 1033.08 558.46 1033.08 632.31 779.23 632.31 ballL 0
728.46 1146.15 786.92 1146.15 786.92 1233.85 728.46 1233.85 ballL 0
2756.15 1206.15 2843.85 1206.15 2843.85 1467.69 2756.15 1467.69 ballL 0
2871.14 1612.15 2953.27 1617.91 2914.13 2176.09 2832.00 2170.33 hole 0
2757.69 2293.85 2857.69 2293.85 2857.69 2361.54 2757.69 2361.54 ballS 0
2694.62 2438.46 2791.54 2438.46 2791.54 2504.62 2694.62 2504.62 ballS 0
2108.46 2604.62 2693.08 2604.62 2693.08 2678.46 2108.46 2678.46 ballS 0
2225.38 2730.77 2493.08 2730.77 2493.08 2795.38 2225.38 2795.38 ballL 0
1890.00 3067.69 2154.61 3067.69 2154.61 3133.85 1890.00 3133.85 ballL 0
1177.69 3166.15 1768.46 3166.15 1768.46 3246.15 1177.69 3246.15 hole 0
1014.61 3093.85 1094.62 3093.85 1094.62 3201.54 1014.61 3201.54 ballS 0
882.31 3049.23 953.08 3049.23 953.08 3152.31 882.31 3152.31 ballS 0
753.08 2710.77 822.31 2710.77 822.31 3110.77 753.08 3110.77 hole 0
1521.08 427.03 1815.60 427.03 1815.60 502.27 1521.08 502.27 ballS 0
