1892.37 459.32 1972.03 459.32 1972.03 593.22 1892.37 593.22 ballL 0
2070.34 530.51 2156.78 530.51 2156.78 655.93 2070.34 655.93 ballL 0
1222.88 418.75 1552.50 418.75 1552.50 500.00 1222.88 500.00 ballL 0
751.69 547.46 1017.80 547.46 1017.80 630.51 751.69 630.51 ballL 0
412.71 945.76 700.85 945.76 700.85 1022.03 412.71 1022.03 ballL 0
185.59 1145.76 783.90 1145.76 783.90 1232.20 185.59 1232.20 ballL 0
555.55 2761.11 631.36 2761.11 631.36 2888.14 555.55 2888.14 hole 0
744.91 2705.08 819.49 2705.08 819.49 3071.19 744.91 3071.19 hole 0
880.51 3047.46 950.00 3047.46 950.00 3150.85 880.51 3150.85 ballS 0
1009.32 3089.83 1088.98 3089.83 1088.98 3206.78 1009.32 3206.78 ballS 0
1180.51 3169.49 1772.03 3169.49 1772.03 3244.07 1180.51 3244.07 hole 0
1894.07 3061.02 2168.64 3061.02 2168.64 3132.20 1894.07 3132.20 ballL 0
2105.93 2606.78 2233.05 2606.78 2233.05 2681.36 2105.93 2681.36 ballS 0
747.18 2558.45 814.79 2558.45 814.79 2660.56 747.18 2660.56 ballL 0
571.83 2636.62 632.39 2636.62 632.39 2747.18 571.83 2747.18 ballL 0
1555.00 426.25 1797.50 426.25 1797.50 500.00 1555.00 500.00 ballS 0
