2400.11 840.00 2480.11 840.00 2480.11 1144.62 2400.11 1144.62 ballS 0
2250.94 664.15 2335.71 664.15 2335.71 1256.26 2250.94 1256.26 ballL 0
1196.15 420.00 1816.15 420.00 1816.15 501.54 1196.15 501.54 ballS 0
779.23 558.46 1033.08 558.46 1033.08 632.31 779.23 632.31 ballL 0
698.57 1146.15 786.92 1146.15 786.92 1231.43 698.57 1231.43 ballL 0
2756.15 1206.15 2843.85 1206.15 2843.85 1467.69 2756.15 1467.69 ballL 0
2108.46 2604.62 2693.08 2604.62 2693.08 2678.46 2108.46 2678.46 ballS 0
2225.38 2730.77 2493.08 2730.77 2493.08 2795.38 2225.38 2795.38 ballS 0
1890.00 3067.69 2154.61 3067.69 2154.61 3133.85 1890.00 3133.85 ballS 0
1012.82 3094.87 1089.74 3094.87 1089.74 3202.56 1012.82 3202.56 wave 0
882.05 3046.15 956.41 3046.15 956.41 3156.41 882.05 3156.41 wave 0
2867.19 1606.68 2954.75 1611.94 2918.78 2210.86 2831.21 2205.60 ballS 0
2760.42 2283.33 2868.75 2283.33 2868.75 2356.25 2760.42 2356.25 wave 0
2687.50 2431.25 2804.17 2431.25 2804.17 2506.25 2687.50 2506.25 wave 0
