1240.00 455.38 1348.75 455.38 1348.75 568.75 1240.00 568.75 wave 0
1486.25 418.75 1588.75 418.75 1588.75 532.50 1486.25 532.50 normal 0
1738.46 435.38 1837.50 435.38 1837.50 540.00 1738.46 540.00 normal 0
1981.25 501.25 2087.50 501.25 2087.50 607.50 1981.25 607.50 normal 0
2703.91 1176.67 2805.83 1176.67 2805.83 1285.94 2703.91 1285.94 hole 0
2776.52 1415.24 2878.91 1415.24 2878.91 1525.00 2776.52 1525.00 normal 0
2802.50 1650.00 2900.85 1650.00 2900.85 1762.71 2802.50 1762.71 hole 0
2782.67 1885.08 2878.82 1885.08 2878.82 1986.44 2782.67 1986.44 normal 0
2704.17 2106.67 2809.17 2106.67 2809.17 2220.00 2704.17 2220.00 hole 0
2209.17 2460.00 2495.83 2460.00 2495.83 2523.33 2209.17 2523.33 normal 0
2204.17 2611.67 2484.17 2611.67 2484.17 2673.33 2204.17 2673.33 normal 0
2377.40 1127.40 2477.40 1127.40 2477.40 1160.27 2377.40 1160.27 hole 0
2377.40 965.75 2406.16 965.75 2406.16 991.78 2377.40 991.78 hole 0
2414.39 921.92 2585.62 921.92 2585.62 990.41 2414.39 990.41 normal 0
2488.36 1089.04 2581.51 1089.04 2581.51 1164.38 2488.36 1164.38 normal 0
2274.66 1091.78 2366.44 1091.78 2366.44 1160.27 2274.66 1160.27 normal 0
2282.88 923.29 2370.55 923.29 2370.55 993.15 2282.88 993.15 normal 0
1265.82 2846.84 1363.29 2846.84 1363.29 2943.04 1265.82 2943.04 wave 0
