1636.46 845.83 1790.63 845.83 1790.63 927.08 1636.46 927.08 hole 0
1207.29 845.83 1340.62 845.83 1340.62 933.33 1207.29 933.33 hole 0
1209.38 945.83 1342.71 945.83 1342.71 1079.17 1209.38 1079.17 hole 0
1646.87 960.42 1767.44 960.42 1767.44 1088.37 1646.87 1088.37 hole 0
1215.62 1177.08 1261.46 1177.08 1261.46 1229.17 1215.62 1229.17 hole 0
1640.62 1160.42 1776.04 1160.42 1776.04 1408.33 1640.62 1408.33 normal 0
2728.12 522.92 2926.04 522.92 2926.04 722.92 2728.12 722.92 hole 0
113.54 491.67 257.29 491.67 257.29 710.42 113.54 710.42 hole 0
997.12 1946.15 1141.35 1946.15 1141.35 2013.46 997.12 2013.46 hole 0
1420.19 1946.15 1562.50 1946.15 1562.50 2005.77 1420.19 2005.77 hole 0
1839.42 1946.15 1972.12 1946.15 1972.12 2013.46 1839.42 2013.46 hole 0
1414.42 2046.15 1547.12 2046.15 1547.12 2169.23 1414.42 2169.23 ballL 0
1006.94 2213.89 1137.50 2213.89 1137.50 2450.00 1006.94 2450.00 normal 0
1006.94 2519.44 1140.28 2519.44 1140.28 2858.33 1006.94 2858.33 normal 0
1420.83 2227.78 1548.61 2227.78 1548.61 2455.56 1420.83 2455.56 normal 0
1837.50 2219.44 1959.72 2219.44 1959.72 2461.11 1837.50 2461.11 normal 0
1418.06 2516.67 1545.83 2516.67 1545.83 2863.89 1418.06 2863.89 normal 0
1820.83 2513.89 1954.17 2513.89 1954.17 2861.11 1820.83 2861.11 normal 0
2606.94 3000.00 2781.95 3000.00 2781.95 3169.44 2606.94 3169.44 hole 0
212.50 3002.78 343.06 3002.78 343.06 3158.33 212.50 3158.33 hole 0
1215.38 1235.90 1333.33 1235.90 1333.33 1400.00 1215.38 1400.00 normal 0
997.30 2045.94 1129.73 2045.94 1129.73 2172.97 997.30 2172.97 ballL 0
1835.14 2048.65 1970.27 2048.65 1970.27 2172.97 1835.14 2172.97 ballL 0
