2747.18 529.58 2924.65 529.58 2924.65 718.31 2747.18 718.31 hole 0
887.78 1313.33 1027.78 1313.33 1027.78 1444.44 887.78 1444.44 ballL 0
1101.11 1315.56 1245.56 1315.56 1245.56 1460.00 1101.11 1460.00 ballL 0
1323.33 1320.00 1454.44 1320.00 1454.44 1453.33 1323.33 1453.33 ballL 0
1534.44 1315.56 1670.00 1315.56 1670.00 1448.89 1534.44 1448.89 hole 0
1752.22 1322.22 1883.33 1322.22 1883.33 1453.33 1752.22 1453.33 ballL 0
1956.67 1331.11 2094.44 1331.11 2094.44 1453.33 1956.67 1453.33 hole 0
1956.67 1537.78 2076.67 1537.78 2076.67 1660.00 1956.67 1660.00 hole 0
1529.26 1536.84 1660.38 1536.84 1660.38 1663.51 1529.26 1663.51 normal 0
1325.56 1537.78 1454.44 1537.78 1454.44 1662.22 1325.56 1662.22 hole 0
901.11 1942.22 1032.22 1942.22 1032.22 2066.67 901.11 2066.67 ballL 0
1103.33 1937.78 1243.33 1937.78 1243.33 2071.11 1103.33 2071.11 ballL 0
1325.56 1942.22 1452.22 1942.22 1452.22 2073.33 1325.56 2073.33 ballS 0
1532.22 1946.67 1654.44 1946.67 1654.44 2073.33 1532.22 2073.33 hole 0
1738.89 1935.56 1867.78 1935.56 1867.78 2071.11 1738.89 2071.11 hole 0
1945.56 1946.67 2076.67 1946.67 2076.67 2068.89 1945.56 2068.89 ballL 0
1941.11 2142.22 2065.56 2142.22 2065.56 2262.22 1941.11 2262.22 hole 0
895.97 1529.03 1029.84 1529.03 1029.84 1661.29 895.97 1661.29 normal 0
1745.97 1748.39 1862.10 1748.39 1862.10 1862.90 1745.97 1862.90 normal 0
1954.03 1750.00 2073.39 1750.00 2073.39 1866.13 1954.03 1866.13 normal 0
1323.39 2145.16 1445.97 2145.16 1445.97 2262.90 1323.39 2262.90 hole 0
919.01 2346.48 1032.86 2346.48 1032.86 2462.86 919.01 2462.86 normal 0
1937.24 2346.81 2052.42 2346.81 2052.42 2459.68 1937.24 2459.68 normal 0
912.10 2138.71 1029.84 2138.71 1029.84 2262.90 912.10 2262.90 normal 0
1116.94 2145.16 1242.74 2145.16 1242.74 2269.36 1116.94 2269.36 normal 0
1532.98 1740.42 1664.90 1740.42 1664.90 1870.21 1532.98 1870.21 normal 0
1733.84 2342.55 1848.73 2342.55 1848.73 2463.83 1733.84 2463.83 normal 0
1329.49 1739.92 1461.40 1739.92 1461.40 1869.70 1329.49 1869.70 normal 0
1115.55 1737.92 1238.06 1737.92 1238.06 1862.69 1115.55 1862.69 normal 0
900.11 1744.87 1024.63 1744.87 1024.63 1865.67 900.11 1865.67 normal 0
1529.10 2344.78 1658.67 2344.78 1658.67 2469.29 1529.10 2469.29 normal 0
1525.36 2150.49 1640.25 2150.49 1640.25 2271.77 1525.36 2271.77 normal 0
1741.27 2145.51 1856.16 2145.51 1856.16 2266.78 1741.27 2266.78 normal 0
1743.68 1537.83 1874.79 1537.83 1874.79 1664.49 1743.68 1664.49 normal 0
1112.34 1533.35 1243.45 1533.35 1243.45 1660.02 1112.34 1660.02 normal 0
