1737.50 441.25 1838.75 441.25 1838.75 547.50 1737.50 547.50 ballS 0
2275.00 916.25 2586.25 916.25 2586.25 992.50 2275.00 992.50 normal 0
2277.50 1091.25 2585.00 1091.25 2585.00 1160.00 2277.50 1160.00 normal 0
2704.03 1179.03 2797.58 1179.03 2797.58 1287.10 2704.03 1287.10 normal 0
2779.84 1417.74 2873.39 1417.74 2873.39 1524.19 2779.84 1524.19 normal 0
2804.03 1650.00 2897.58 1650.00 2897.58 1753.22 2804.03 1753.22 normal 0
2784.68 1887.10 2873.39 1887.10 2873.39 1983.87 2784.68 1983.87 normal 0
2715.32 2112.90 2807.26 2112.90 2807.26 2211.29 2715.32 2211.29 normal 0
2240.47 2461.90 2414.29 2461.90 2414.29 2532.14 2240.47 2532.14 ballS 0
2417.86 2463.10 2496.43 2463.10 2496.43 2525.00 2417.86 2525.00 normal 0
2216.67 2607.14 2415.48 2607.14 2415.48 2677.38 2216.67 2677.38 ballS 0
1249.06 467.92 1347.17 467.92 1347.17 577.36 1249.06 577.36 ballS 0
2424.32 2616.22 2456.76 2616.22 2456.76 2667.57 2424.32 2667.57 normal 0
1483.05 418.64 1589.83 418.64 1589.83 530.51 1483.05 530.51 wave 0
1964.41 494.92 2084.74 494.92 2084.74 608.48 1964.41 608.48 wave 0
