656.59 2401.65 713.19 2401.65 713.19 2476.37 656.59 2476.37 ballL 0
743.96 2401.10 798.35 2401.10 798.35 2475.82 743.96 2475.82 ballL 0
829.67 2400.00 885.71 2400.00 885.71 2475.28 829.67 2475.28 ballL 0
917.03 2402.20 973.63 2402.20 973.63 2479.12 917.03 2479.12 ballL 0
664.29 2593.41 717.58 2593.41 717.58 2668.13 664.29 2668.13 ballL 0
753.30 2593.96 802.75 2593.96 802.75 2669.78 753.30 2669.78 ballL 0
836.26 2592.31 891.21 2592.31 891.21 2667.58 836.26 2667.58 ballL 0
920.33 2591.76 975.28 2591.76 975.28 2667.58 920.33 2667.58 ballL 0
1043.37 2820.48 1592.77 2820.48 1592.77 2897.59 1043.37 2897.59 ballL 0
1616.87 2820.48 2045.78 2820.48 2045.78 2891.57 1616.87 2891.57 ballL 0
325.00 1131.16 427.86 1131.16 427.86 1701.16 325.00 1701.16 ballL 0
346.43 1721.43 450.71 1721.43 450.71 2272.86 346.43 2272.86 ballL 0
612.61 1011.71 669.37 1011.71 669.37 1095.50 612.61 1095.50 ballL 0
700.00 1006.31 756.76 1006.31 756.76 1094.60 700.00 1094.60 ballL 0
792.79 1007.21 849.55 1007.21 849.55 1091.89 792.79 1091.89 ballL 0
884.69 1007.21 940.54 1007.21 940.54 1090.09 884.69 1090.09 ballL 0
604.51 793.69 667.57 793.69 667.57 878.38 604.51 878.38 ballL 0
694.60 793.69 754.96 793.69 754.96 879.28 694.60 879.28 ballL 0
782.88 790.09 844.14 790.09 844.14 877.48 782.88 877.48 ballL 0
997.30 410.81 1587.39 410.81 1587.39 501.80 997.30 501.80 ballL 0
1627.03 412.61 2030.63 412.61 2030.63 495.50 1627.03 495.50 ballL 0
880.47 785.94 939.84 785.94 939.84 875.00 880.47 875.00 ballL 0
