1361.86 434.02 1475.26 434.02 1475.26 550.52 1361.86 550.52 normal 0
1608.25 419.59 1724.74 419.59 1724.74 526.80 1608.25 526.80 normal 0
1853.61 463.92 1970.10 463.92 1970.10 572.16 1853.61 572.16 normal 0
2100.00 547.42 2210.31 547.42 2210.31 653.61 2100.00 653.61 normal 0
2277.54 831.88 2589.13 831.88 2589.13 901.45 2277.54 901.45 normal 0
2277.54 1001.45 2581.88 1001.45 2581.88 1072.46 2277.54 1072.46 normal 0
2740.83 1298.33 2850.83 1298.33 2850.83 1400.00 2740.83 1400.00 ballL 0
2860.83 1573.33 2900.83 1573.33 2900.83 1638.33 2860.83 1638.33 hole 0
2849.17 1766.67 2890.83 1766.67 2890.83 1861.67 2849.17 1861.67 hole 0
2812.50 2000.00 2852.50 2000.00 2852.50 2090.00 2812.50 2090.00 hole 0
2740.83 2033.33 2784.17 2033.33 2784.17 2095.00 2740.83 2095.00 hole 0
2685.83 2218.33 2747.50 2218.33 2747.50 2315.00 2685.83 2315.00 hole 0
2199.17 2380.00 2497.50 2380.00 2497.50 2450.00 2199.17 2450.00 normal 0
2205.83 2538.33 2492.50 2538.33 2492.50 2596.67 2205.83 2596.67 normal 0
1153.33 2816.67 1252.22 2816.67 1252.22 2905.56 1153.33 2905.56 wave 0
1380.00 2866.67 1477.78 2866.67 1477.78 2961.11 1380.00 2961.11 wave 0
1600.00 2876.67 1704.44 2876.67 1704.44 2974.44 1600.00 2974.44 wave 0
1826.67 2851.11 1932.22 2851.11 1932.22 2943.33 1826.67 2943.33 wave 0
2056.67 2806.67 2096.67 2806.67 2096.67 2854.44 2056.67 2854.44 hole 0
2094.74 2794.74 2142.11 2794.74 2142.11 2857.90 2094.74 2857.90 normal 0
