227.36 1149.06 780.19 1149.06 780.19 1233.96 227.36 1233.96 ballL 0
397.17 930.19 699.06 930.19 699.06 1030.19 397.17 1030.19 ballL 0
1291.51 401.89 1689.62 401.89 1689.62 511.32 1291.51 511.32 ballL 0
563.75 2632.50 641.25 2632.50 641.25 2893.75 563.75 2893.75 ballL 0
736.25 2555.00 821.25 2555.00 821.25 3117.50 736.25 3117.50 ballL 0
875.00 3050.00 951.25 3050.00 951.25 3163.75 875.00 3163.75 ballL 0
1012.50 3097.50 1088.75 3097.50 1088.75 3206.25 1012.50 3206.25 ballL 0
1178.75 3172.50 1270.00 3172.50 1270.00 3246.25 1178.75 3246.25 ballL 0
1275.00 3177.50 1531.25 3177.50 1531.25 3246.25 1275.00 3246.25 hole 0
2201.16 2602.32 2601.16 2602.32 2601.16 2693.02 2201.16 2693.02 ballL 0
