740.00 547.50 1046.25 547.50 1046.25 632.50 740.00 632.50 ballL 0
1190.00 415.00 1400.00 415.00 1400.00 501.25 1190.00 501.25 ballL 0
593.75 935.00 696.25 935.00 696.25 1026.25 593.75 1026.25 ballL 0
608.75 1146.25 783.75 1146.25 783.75 1225.00 608.75 1225.00 ballL 0
1887.06 448.24 1987.06 448.24 1987.06 589.41 1887.06 589.41 ballL 0
2067.06 528.24 2157.65 528.24 2157.65 667.06 2067.06 667.06 ballL 0
745.28 2845.28 821.25 2845.28 821.25 3117.50 745.28 3117.50 ballL 0
877.50 3045.00 943.75 3045.00 943.75 3153.75 877.50 3153.75 ballL 0
1013.75 3092.50 1091.25 3092.50 1091.25 3201.25 1013.75 3201.25 ballL 0
1181.25 3173.75 1305.00 3173.75 1305.00 3245.00 1181.25 3245.00 ballL 0
2681.58 2435.09 2811.41 2435.09 2811.41 2514.04 2681.58 2514.04 ballL 0
745.46 2709.09 817.04 2709.09 817.04 2837.50 745.46 2837.50 hole 0
739.77 2585.23 770.45 2585.23 770.45 2704.54 739.77 2704.54 hole 0
