1739.23 440.00 1800.00 440.00 1800.00 548.84 1739.23 548.84 normal 0
2318.46 1087.69 2495.07 1087.69 2495.07 1159.16 2318.46 1159.16 ballS 0
2288.03 919.72 2579.58 919.72 2579.58 994.37 2288.03 994.37 normal 0
2500.70 1085.92 2582.39 1085.92 2582.39 1160.56 2500.70 1160.56 normal 0
2775.00 1887.10 2876.61 1887.10 2876.61 1983.87 2775.00 1983.87 normal 0
2710.49 2108.06 2807.26 2108.06 2807.26 2208.06 2710.49 2208.06 normal 0
2239.58 2463.89 2482.64 2463.89 2482.64 2529.17 2239.58 2529.17 ballS 0
2235.42 2611.11 2482.64 2611.11 2482.64 2673.61 2235.42 2673.61 ballS 0
2706.98 1186.05 2800.00 1186.05 2800.00 1281.40 2706.98 1281.40 normal 0
2779.07 1416.28 2867.44 1416.28 2867.44 1516.28 2779.07 1516.28 normal 0
