736.79 2549.06 827.36 2549.06 827.36 3115.10 736.79 3115.10 ballL 0
876.41 3045.28 951.89 3045.28 951.89 3156.60 876.41 3156.60 ballL 0
1012.26 3086.79 1087.74 3086.79 1087.74 3203.77 1012.26 3203.77 ballL 0
1178.30 3167.92 1772.64 3167.92 1772.64 3247.17 1178.30 3247.17 ballL 0
1887.74 3054.72 2172.64 3054.72 2172.64 3135.85 1887.74 3135.85 ballL 0
2104.72 2601.89 2253.77 2601.89 2253.77 2677.36 2104.72 2677.36 ballL 0
550.00 2618.87 636.79 2618.87 636.79 2896.23 550.00 2896.23 ballL 0
727.36 545.28 1050.00 545.28 1050.00 639.62 727.36 639.62 ballL 0
387.74 937.74 691.51 937.74 691.51 1030.19 387.74 1030.19 ballL 0
185.85 1132.08 799.06 1132.08 799.06 1233.96 185.85 1233.96 ballL 0
1174.53 405.66 1831.13 405.66 1831.13 511.32 1174.53 511.32 ballL 0
1895.28 452.83 1987.74 452.83 1987.74 603.77 1895.28 603.77 ballL 0
2065.09 509.43 2161.32 509.43 2161.32 666.04 2065.09 666.04 ballL 0
2253.43 611.32 2338.34 611.32 2338.34 1266.04 2253.43 1266.04 ballL 0
