1238.14 462.71 1350.00 462.71 1350.00 577.97 1238.14 577.97 normal 0
1483.90 415.26 1602.54 415.26 1602.54 533.90 1483.90 533.90 normal 0
1729.66 432.20 1846.61 432.20 1846.61 552.54 1729.66 552.54 normal 0
1975.43 498.30 2088.98 498.30 2088.98 615.26 1975.43 615.26 normal 0
2496.67 916.95 2587.29 916.95 2587.29 987.78 2496.67 987.78 normal 0
2491.11 1084.44 2585.59 1084.44 2585.59 1154.24 2491.11 1154.24 normal 0
2699.15 1181.36 2809.32 1181.36 2809.32 1283.05 2699.15 1283.05 ballL 0
2777.08 1429.17 2878.82 1429.17 2878.82 1511.86 2777.08 1511.86 ballS 0
2244.91 2455.93 2478.81 2455.93 2478.81 2527.12 2244.91 2527.12 ballS 0
2241.53 2606.78 2475.42 2606.78 2475.42 2676.27 2241.53 2676.27 ballS 0
1263.56 2845.76 1366.95 2845.76 1366.95 2942.37 1263.56 2942.37 wave 0
1485.59 2877.97 1599.15 2877.97 1599.15 2977.97 1485.59 2977.97 wave 0
1714.41 2867.80 1819.49 2867.80 1819.49 2966.10 1714.41 2966.10 wave 0
1943.22 2815.26 2046.61 2815.26 2046.61 2908.48 1943.22 2908.48 wave 0
2345.56 911.11 2494.44 911.11 2494.44 993.33 2345.56 993.33 ballS 0
2348.89 1083.33 2481.11 1083.33 2481.11 1160.00 2348.89 1160.00 ballS 0
