1238.14 462.71 1350.00 462.71 1350.00 577.97 1238.14 577.97 wave 0
1483.90 415.26 1602.54 415.26 1602.54 533.90 1483.90 533.90 normal 0
1729.66 432.20 1846.61 432.20 1846.61 552.54 1729.66 552.54 normal 0
1977.75 500.63 2091.31 500.63 2091.31 617.58 1977.75 617.58 wave 0
2307.69 915.38 2590.59 915.38 2590.59 989.69 2307.69 989.69 normal 0
2305.49 1082.42 2585.59 1082.42 2585.59 1154.24 2305.49 1154.24 normal 0
2699.15 1181.36 2809.32 1181.36 2809.32 1283.05 2699.15 1283.05 ballS 0
2232.39 2453.52 2478.81 2453.52 2478.81 2527.12 2232.39 2527.12 ballS 0
2241.53 2606.78 2475.42 2606.78 2475.42 2676.27 2241.53 2676.27 ballS 0
1263.56 2845.76 1366.95 2845.76 1366.95 2942.37 1263.56 2942.37 wave 0
1485.59 2877.97 1599.15 2877.97 1599.15 2977.97 1485.59 2977.97 wave 0
1714.41 2867.80 1819.49 2867.80 1819.49 2966.10 1714.41 2966.10 wave 0
1943.22 2815.26 2046.61 2815.26 2046.61 2908.48 1943.22 2908.48 wave 0
2776.60 1419.15 2880.85 1419.15 2880.85 1519.15 2776.60 1519.15 wave 0
