796.77 530.64 1051.69 530.64 1051.69 633.90 796.77 633.90 ballL 0
1178.81 411.86 1834.75 411.86 1834.75 503.39 1178.81 503.39 ballS 0
1890.68 461.02 1977.12 461.02 1977.12 591.52 1890.68 591.52 ballL 0
2066.95 516.95 2155.09 516.95 2155.09 666.10 2066.95 666.10 ballS 0
2244.91 613.56 2334.75 613.56 2334.75 1276.27 2244.91 1276.27 ballS 0
2394.07 844.07 2477.12 844.07 2477.12 1147.46 2394.07 1147.46 ballS 0
2761.86 1181.36 2850.00 1181.36 2850.00 1476.27 2761.86 1476.27 ballL 0
2872.97 1614.02 2954.78 1618.93 2919.70 2203.03 2837.88 2198.12 hole 0
2748.31 2286.44 2870.34 2286.44 2870.34 2362.71 2748.31 2362.71 ballS 0
2682.20 2437.29 2807.63 2437.29 2807.63 2503.39 2682.20 2503.39 ballS 0
2105.93 2601.70 2704.24 2601.70 2704.24 2688.14 2105.93 2688.14 ballS 0
2221.18 2725.42 2497.46 2725.42 2497.46 2803.39 2221.18 2803.39 ballS 0
874.66 3041.10 955.48 3041.10 955.48 3156.16 874.66 3156.16 ballL 0
1007.53 3089.04 1091.10 3089.04 1091.10 3204.11 1007.53 3204.11 ballL 0
1176.03 3167.12 1765.07 3167.12 1765.07 3247.94 1176.03 3247.94 hole 0
1889.73 3060.27 2166.44 3060.27 2166.44 3136.99 1889.73 3136.99 ballL 0
191.86 1130.23 475.58 1130.23 475.58 1241.86 191.86 1241.86 ballL 0
