736.79 2549.06 827.36 2549.06 827.36 3115.10 736.79 3115.10 hole 0
876.41 3045.28 951.89 3045.28 951.89 3156.60 876.41 3156.60 ballL 0
1012.26 3086.79 1087.74 3086.79 1087.74 3203.77 1012.26 3203.77 ballL 0
1176.41 3167.92 1770.76 3167.92 1770.76 3247.17 1176.41 3247.17 hole 0
1887.74 3054.72 2172.64 3054.72 2172.64 3135.85 1887.74 3135.85 ballL 0
2104.72 2605.77 2354.81 2605.77 2354.81 2677.36 2104.72 2677.36 ballS 0
550.00 2626.39 633.33 2626.39 633.33 2896.23 550.00 2896.23 hole 0
727.36 545.28 1050.00 545.28 1050.00 639.62 727.36 639.62 ballL 0
387.74 937.74 691.51 937.74 691.51 1030.19 387.74 1030.19 ballL 0
185.85 1132.08 799.06 1132.08 799.06 1233.96 185.85 1233.96 ballL 0
1174.53 405.66 1831.13 405.66 1831.13 511.32 1174.53 511.32 ballL 0
1896.98 451.14 1985.59 451.14 1985.59 593.22 1896.98 593.22 ballS 0
2066.95 526.27 2161.32 526.27 2161.32 666.04 2066.95 666.04 ballS 0
2243.38 612.79 2342.48 612.79 2342.48 1270.59 2243.38 1270.59 ballS 0
2219.79 2728.85 2352.88 2728.85 2352.88 2797.92 2219.79 2797.92 ballS 0
216.13 2304.84 270.97 2304.84 270.97 2585.48 216.13 2585.48 ballL 0
2393.38 838.24 2437.50 838.24 2437.50 1141.18 2393.38 1141.18 ballL 0
