1093.75 420.00 1582.50 420.00 1582.50 496.25 1093.75 496.25 ballS 0
1700.00 416.25 2210.00 416.25 2210.00 496.61 1700.00 496.61 ballS 0
2821.14 1124.44 2895.53 1127.42 2873.19 1685.51 2798.80 1682.53 ballS 0
2805.19 1733.26 2870.37 1736.52 2844.20 2259.42 2779.02 2256.16 ballS 0
2397.82 797.10 2435.51 797.10 2435.51 875.36 2397.82 875.36 wave 0
2471.19 795.10 2508.87 795.10 2508.87 873.36 2471.19 873.36 wave 0
2537.30 1014.84 2574.99 1014.84 2574.99 1093.10 2537.30 1093.10 wave 0
2332.41 792.55 2370.09 792.55 2370.09 870.81 2332.41 870.81 wave 0
2541.10 791.10 2578.78 791.10 2578.78 869.36 2541.10 869.36 wave 0
2457.94 1012.29 2495.62 1012.29 2495.62 1090.55 2457.94 1090.55 wave 0
2396.52 1010.29 2434.20 1010.29 2434.20 1088.55 2396.52 1088.55 wave 0
2332.20 1012.64 2369.88 1012.64 2369.88 1090.90 2332.20 1090.90 wave 0
2293.48 2407.25 2326.81 2407.25 2326.81 2478.26 2293.48 2478.26 wave 0
2358.70 2404.35 2392.03 2404.35 2392.03 2479.71 2358.70 2479.71 wave 0
2422.46 2407.25 2457.25 2407.25 2457.25 2475.36 2422.46 2475.36 wave 0
2489.13 2407.25 2519.57 2407.25 2519.57 2484.06 2489.13 2484.06 wave 0
2286.23 2600.00 2319.56 2600.00 2319.56 2668.12 2286.23 2668.12 wave 0
2351.45 2594.20 2384.78 2594.20 2384.78 2669.56 2351.45 2669.56 wave 0
2413.77 2595.65 2451.45 2595.65 2451.45 2669.56 2413.77 2669.56 wave 0
2477.54 2600.00 2516.67 2600.00 2516.67 2669.56 2477.54 2669.56 wave 0
1112.88 2827.27 1384.09 2827.27 1384.09 2895.46 1112.88 2895.46 ballS 0
1787.12 2824.24 2159.85 2824.24 2159.85 2898.48 1787.12 2898.48 ballS 0
