738.98 1138.14 789.83 1138.14 789.83 1237.29 738.98 1237.29 ballL 0
755.93 547.46 1038.13 547.46 1038.13 638.14 755.93 638.14 ballL 0
1199.15 411.86 1833.90 411.86 1833.90 507.63 1199.15 507.63 ballL 0
1890.68 456.78 1981.36 456.78 1981.36 590.68 1890.68 590.68 ballL 0
2066.10 520.34 2156.78 520.34 2156.78 661.86 2066.10 661.86 ballL 0
2394.91 842.37 2484.75 842.37 2484.75 1147.46 2394.91 1147.46 ballS 0
2258.14 615.70 2351.32 618.50 2331.69 1272.44 2238.51 1269.64 ballS 0
2864.03 1595.80 2954.44 1601.23 2917.61 2214.26 2827.21 2208.82 ballL 0
2758.09 1188.24 2840.44 1188.24 2840.44 1476.47 2758.09 1476.47 ballL 0
2747.79 2280.88 2877.21 2280.88 2877.21 2367.65 2747.79 2367.65 ballL 0
2690.44 2432.35 2813.97 2432.35 2813.97 2510.30 2690.44 2510.30 ballL 0
2119.60 2614.49 2557.24 2614.49 2557.24 2682.35 2119.60 2682.35 ballS 0
2218.38 2723.53 2505.15 2723.53 2505.15 2804.41 2218.38 2804.41 ballL 0
1888.97 3057.35 2168.38 3057.35 2168.38 3135.30 1888.97 3135.30 ballL 0
1176.80 3168.80 1769.60 3168.80 1769.60 3247.20 1176.80 3247.20 hole 0
1008.00 3091.20 1096.80 3091.20 1096.80 3204.80 1008.00 3204.80 ballL 0
749.05 2628.66 821.74 2628.66 821.74 3001.74 749.05 3001.74 hole 0
873.60 3044.00 958.40 3044.00 958.40 3156.80 873.60 3156.80 ballL 0
740.13 2557.96 815.93 2557.96 815.93 2626.12 740.13 2626.12 ballL 0
2547.10 2610.14 2709.42 2610.14 2709.42 2681.16 2547.10 2681.16 ballL 0
