740.95 2633.07 817.32 2633.07 817.32 3040.16 740.95 3040.16 hole 0
876.41 3045.28 951.89 3045.28 951.89 3156.60 876.41 3156.60 ballL 0
1012.26 3086.79 1087.74 3086.79 1087.74 3203.77 1012.26 3203.77 ballL 0
1176.41 3167.92 1770.76 3167.92 1770.76 3247.17 1176.41 3247.17 hole 0
1890.21 3060.84 2172.64 3060.84 2172.64 3135.85 1890.21 3135.85 ballL 0
2104.72 2605.77 2255.24 2605.77 2255.24 2683.92 2104.72 2683.92 ballL 0
554.63 2625.22 636.79 2625.22 636.79 2912.96 554.63 2912.96 ballS 0
727.36 545.28 1050.00 545.28 1050.00 639.62 727.36 639.62 ballL 0
394.63 939.46 698.41 939.46 698.41 1031.91 394.63 1031.91 ballL 0
185.85 1132.08 799.06 1132.08 799.06 1233.96 185.85 1233.96 ballL 0
1174.53 405.66 1831.13 405.66 1831.13 511.32 1174.53 511.32 ballL 0
1896.98 451.14 1985.59 451.14 1985.59 593.22 1896.98 593.22 ballL 0
2066.95 526.27 2161.32 526.27 2161.32 666.04 2066.95 666.04 ballL 0
2243.38 612.79 2323.28 612.79 2323.28 1260.34 2243.38 1260.34 ballL 0
2219.79 2728.85 2252.45 2728.85 2252.45 2802.80 2219.79 2802.80 ballL 0
219.79 2304.84 270.97 2304.84 270.97 2591.67 219.79 2591.67 ballL 0
734.26 2551.85 815.74 2551.85 815.74 2635.18 734.26 2635.18 ballL 0
