1438.82 785.88 1578.83 785.88 1578.83 927.06 1438.82 927.06 normal 0
1437.65 978.82 1568.24 978.82 1568.24 1115.30 1437.65 1115.30 normal 0
1429.41 1171.76 1567.06 1171.76 1567.06 1301.18 1429.41 1301.18 normal 0
1431.76 1357.65 1561.18 1357.65 1561.18 1492.94 1431.76 1492.94 normal 0
2160.00 1369.41 2294.12 1369.41 2294.12 1500.00 2160.00 1500.00 hole 0
2355.29 1187.06 2488.24 1187.06 2488.24 1323.53 2355.29 1323.53 hole 0
2747.37 801.32 2884.21 801.32 2884.21 944.74 2747.37 944.74 ballL 0
2552.63 994.74 2686.84 994.74 2686.84 1131.58 2552.63 1131.58 normal 0
2136.84 2082.90 2267.11 2082.90 2267.11 2211.84 2136.84 2211.84 hole 0
2319.74 2081.58 2448.68 2081.58 2448.68 2207.90 2319.74 2207.90 hole 0
2503.95 2082.90 2627.63 2082.90 2627.63 2207.90 2503.95 2207.90 hole 0
2681.58 2084.21 2814.47 2084.21 2814.47 2213.16 2681.58 2213.16 hole 0
2109.21 2753.95 2242.10 2753.95 2242.10 2881.58 2109.21 2881.58 hole 0
2284.21 2925.00 2407.90 2925.00 2407.90 3050.00 2284.21 3050.00 hole 0
2448.68 3094.74 2575.00 3094.74 2575.00 3218.42 2448.68 3218.42 ballL 0
2615.79 3257.90 2742.11 3257.90 2742.11 3382.90 2615.79 3382.90 ballL 0
1415.79 3247.37 1540.79 3247.37 1540.79 3369.74 1415.79 3369.74 hole 0
1419.74 3085.53 1543.42 3085.53 1543.42 3209.21 1419.74 3209.21 hole 0
1418.42 2918.42 1548.68 2918.42 1548.68 3043.42 1418.42 3043.42 hole 0
