1438.82 785.88 1578.83 785.88 1578.83 927.06 1438.82 927.06 normal 0
1437.65 978.82 1568.24 978.82 1568.24 1115.30 1437.65 1115.30 normal 0
1429.41 1171.76 1567.06 1171.76 1567.06 1301.18 1429.41 1301.18 normal 0
1431.76 1357.65 1561.18 1357.65 1561.18 1492.94 1431.76 1492.94 normal 0
2160.00 1369.41 2294.12 1369.41 2294.12 1500.00 2160.00 1500.00 hole 0
2355.29 1187.06 2488.24 1187.06 2488.24 1323.53 2355.29 1323.53 hole 0
2747.37 801.32 2884.21 801.32 2884.21 944.74 2747.37 944.74 ballL 0
2552.63 994.74 2686.84 994.74 2686.84 1131.58 2552.63 1131.58 hole 0
2368.22 2084.61 2448.49 2084.61 2448.49 2209.09 2368.22 2209.09 hole 0
2503.95 2082.90 2627.63 2082.90 2627.63 2207.90 2503.95 2207.90 hole 0
2681.58 2084.21 2814.47 2084.21 2814.47 2213.16 2681.58 2213.16 hole 0
2139.51 2760.01 2245.45 2760.01 2245.45 2866.67 2139.51 2866.67 hole 0
2284.21 2925.00 2407.90 2925.00 2407.90 3050.00 2284.21 3050.00 hole 0
2448.68 3094.74 2575.00 3094.74 2575.00 3218.42 2448.68 3218.42 hole 0
2615.79 3257.90 2742.11 3257.90 2742.11 3382.90 2615.79 3382.90 ballL 0
1415.79 3247.37 1540.79 3247.37 1540.79 3369.74 1415.79 3369.74 hole 0
