116.67 773.68 260.53 773.68 260.53 919.30 116.67 919.30 ballL 0
320.18 964.91 458.77 964.91 458.77 1112.28 320.18 1112.28 hole 0
516.67 1168.42 651.75 1168.42 651.75 1298.24 516.67 1298.24 hole 0
700.88 1352.63 835.96 1352.63 835.96 1487.72 700.88 1487.72 hole 0
169.30 2054.38 295.61 2054.38 295.61 2184.21 169.30 2184.21 hole 0
348.25 2059.65 479.83 2059.65 479.83 2184.21 348.25 2184.21 hole 0
527.19 2061.40 651.75 2061.40 651.75 2187.72 527.19 2187.72 hole 0
729.55 2063.16 836.79 2063.16 836.79 2181.82 729.55 2181.82 normal 0
213.04 3233.91 337.39 3233.91 337.39 3348.70 213.04 3348.70 hole 0
381.74 3068.70 502.61 3068.70 502.61 3185.22 381.74 3185.22 hole 0
573.91 2909.56 667.43 2909.56 667.43 3022.73 573.91 3022.73 normal 0
735.61 2745.46 841.67 2745.46 841.67 2850.00 735.61 2850.00 normal 0
