1435.71 760.32 1578.57 760.32 1578.57 904.76 1435.71 904.76 hole 0
1434.13 949.21 1578.57 949.21 1578.57 1101.59 1434.13 1101.59 hole 0
1432.54 1147.62 1572.22 1147.62 1572.22 1290.48 1432.54 1290.48 hole 0
1429.37 1339.68 1572.22 1339.68 1572.22 1479.36 1429.37 1479.36 hole 0
2156.35 1347.62 2300.79 1347.62 2300.79 1490.48 2156.35 1490.48 hole 0
2351.59 1155.56 2492.86 1155.56 2492.86 1304.76 2351.59 1304.76 ballL 0
2543.65 973.02 2689.68 973.02 2689.68 1119.05 2543.65 1119.05 ballL 0
2745.24 779.36 2889.68 779.36 2889.68 930.16 2745.24 930.16 ballL 0
2130.26 2057.90 2276.32 2057.90 2276.32 2189.47 2130.26 2189.47 hole 0
2317.10 2061.84 2453.95 2061.84 2453.95 2193.42 2317.10 2193.42 hole 0
2494.74 2064.47 2635.53 2064.47 2635.53 2198.68 2494.74 2198.68 ballL 0
2676.32 2065.79 2818.42 2065.79 2818.42 2197.37 2676.32 2197.37 ballL 0
1418.42 2730.26 1547.37 2730.26 1547.37 2857.90 1418.42 2857.90 hole 0
1415.79 2889.47 1543.42 2889.47 1543.42 3017.10 1415.79 3017.10 hole 0
1415.79 3061.84 1544.74 3061.84 1544.74 3188.16 1415.79 3188.16 hole 0
1413.16 3226.32 1543.42 3226.32 1543.42 3347.37 1413.16 3347.37 hole 0
2107.90 2735.53 2243.42 2735.53 2243.42 2860.53 2107.90 2860.53 hole 0
2278.95 2901.32 2414.47 2901.32 2414.47 3028.95 2278.95 3028.95 ballL 0
2447.37 3071.05 2582.89 3071.05 2582.89 3197.37 2447.37 3197.37 ballL 0
2614.47 3236.84 2747.37 3236.84 2747.37 3359.21 2614.47 3359.21 ballL 0
