124.17 770.00 260.83 770.00 260.83 905.00 124.17 905.00 hole 0
320.83 966.67 450.30 966.67 450.30 1100.61 320.83 1100.61 normal 0
520.83 1163.33 642.50 1163.33 642.50 1291.67 520.83 1291.67 normal 0
713.02 1356.25 821.09 1356.25 821.09 1481.15 713.02 1481.15 normal 0
2749.17 805.00 2882.50 805.00 2882.50 941.67 2749.17 941.67 hole 0
2547.50 995.00 2677.50 995.00 2677.50 1131.67 2547.50 1131.67 normal 0
2352.50 1181.67 2480.83 1181.67 2480.83 1315.00 2352.50 1315.00 normal 0
2160.83 1365.00 2282.50 1365.00 2282.50 1495.00 2160.83 1495.00 wave 0
2140.83 2076.67 2259.17 2076.67 2259.17 2201.67 2140.83 2201.67 normal 0
2319.17 2073.33 2439.17 2073.33 2439.17 2205.00 2319.17 2205.00 normal 0
2500.83 2078.33 2624.17 2078.33 2624.17 2201.67 2500.83 2201.67 normal 0
2682.50 2080.00 2802.50 2080.00 2802.50 2201.67 2682.50 2201.67 normal 0
2621.79 3256.67 2733.45 3256.67 2733.45 3368.33 2621.79 3368.33 wave 0
2457.50 3095.00 2567.50 3095.00 2567.50 3201.67 2457.50 3201.67 normal 0
2287.50 2926.67 2400.83 2926.67 2400.83 3043.33 2287.50 3043.33 normal 0
210.83 3233.33 329.17 3233.33 329.17 3340.00 210.83 3340.00 hole 0
377.50 3070.00 499.17 3070.00 499.17 3181.67 377.50 3181.67 normal 0
550.83 2903.33 669.17 2903.33 669.17 3021.67 550.83 3021.67 normal 0
724.17 2731.67 849.17 2731.67 849.17 2853.33 724.17 2853.33 normal 0
717.91 2058.33 835.14 2058.33 835.14 2181.72 717.91 2181.72 normal 0
547.50 2053.33 655.83 2053.33 655.83 2181.67 547.50 2181.67 normal 0
355.83 2056.67 472.50 2056.67 472.50 2176.67 355.83 2176.67 normal 0
170.83 2051.67 289.17 2051.67 289.17 2175.00 170.83 2175.00 normal 0
2115.74 2757.41 2230.56 2757.41 2230.56 2874.08 2115.74 2874.08 normal 0
