1516.35 1458.25 1633.81 1458.25 1633.81 1577.30 1516.35 1577.30 ballL 0
1519.21 1684.44 1636.43 1684.44 1636.43 1797.14 1519.21 1797.14 ballL 0
1516.67 1907.30 1632.14 1907.30 1632.14 2012.86 1516.67 2012.86 ballL 0
1176.03 1194.60 1290.32 1194.60 1290.32 1310.48 1176.03 1310.48 ballL 0
1176.67 1456.51 1289.36 1456.51 1289.36 1569.21 1176.67 1569.21 ballL 0
1182.54 1683.02 1298.41 1683.02 1298.41 1795.72 1182.54 1795.72 ballL 0
1515.56 2122.06 1629.29 2122.06 1629.29 2228.57 1515.56 2228.57 ballL 0
1184.29 1904.28 1293.57 1904.28 1293.57 2014.28 1184.29 2014.28 ballL 0
1519.21 2332.70 1626.43 2332.70 1626.43 2438.57 1519.21 2438.57 ballL 0
1186.35 2119.68 1296.43 2119.68 1296.43 2224.28 1186.35 2224.28 ballL 0
1185.56 2329.68 1298.25 2329.68 1298.25 2434.44 1185.56 2434.44 ballL 0
1513.57 1200.00 1635.00 1200.00 1635.00 1317.14 1513.57 1317.14 ballL 0
