1439.00 764.18 1580.17 764.18 1580.17 909.92 1439.00 909.92 hole 0
1437.70 961.22 1574.38 961.22 1574.38 1104.13 1437.70 1104.13 hole 0
708.11 1330.33 843.80 1330.33 843.80 1473.55 708.11 1473.55 hole 0
125.54 755.37 267.55 755.37 267.55 900.00 125.54 900.00 ballL 0
323.71 947.91 461.59 947.91 461.59 1093.38 323.71 1093.38 ballL 0
518.24 1143.77 652.32 1143.77 652.32 1282.78 518.24 1282.78 hole 0
714.86 2039.19 850.00 2039.19 850.00 2177.03 714.86 2177.03 hole 0
532.43 2036.49 668.92 2036.49 668.92 2174.32 532.43 2174.32 hole 0
347.30 2035.14 482.43 2035.14 482.43 2170.27 347.30 2170.27 hole 0
167.57 2032.43 306.76 2032.43 306.76 2167.57 167.57 2167.57 hole 0
202.70 3209.46 339.19 3209.46 339.19 3337.84 202.70 3337.84 ballL 0
377.03 3045.94 508.11 3045.94 508.11 3178.38 377.03 3178.38 hole 0
548.65 2881.08 683.78 2881.08 683.78 3012.16 548.65 3012.16 hole 0
720.27 2714.86 858.11 2714.86 858.11 2844.60 720.27 2844.60 hole 0
