1437.70 767.15 1575.08 767.15 1575.08 907.79 1437.70 907.79 normal 0
1435.48 1144.94 1572.84 1144.94 1572.84 1282.72 1435.48 1282.72 normal 0
1433.61 954.15 1573.29 954.15 1573.29 1097.01 1433.61 1097.01 normal 0
1435.26 1338.40 1567.53 1338.40 1567.53 1468.83 1435.26 1468.83 normal 0
2158.41 1348.10 2297.40 1348.10 2297.40 1492.21 2158.41 1492.21 hole 0
2352.77 1164.97 2487.06 1164.97 2487.06 1304.70 2352.77 1304.70 hole 0
2543.65 973.02 2689.68 973.02 2689.68 1119.05 2543.65 1119.05 ballL 0
2745.24 779.36 2889.68 779.36 2889.68 930.16 2745.24 930.16 ballL 0
2317.10 2061.84 2449.35 2061.84 2449.35 2192.21 2317.10 2192.21 hole 0
2497.59 2059.71 2638.38 2059.71 2638.38 2193.92 2497.59 2193.92 hole 0
2681.82 2067.53 2815.08 2067.53 2815.08 2198.41 2681.82 2198.41 hole 0
1418.18 3235.06 1534.91 3235.06 1534.91 3334.50 1418.18 3334.50 hole 0
2107.90 2735.53 2243.42 2735.53 2243.42 2860.53 2107.90 2860.53 hole 0
2278.57 2904.76 2414.47 2904.76 2414.47 3028.95 2278.57 3028.95 hole 0
2447.37 3071.05 2582.89 3071.05 2582.89 3197.37 2447.37 3197.37 hole 0
2614.47 3236.84 2747.37 3236.84 2747.37 3359.21 2614.47 3359.21 ballL 0
805.19 1366.23 841.56 1366.23 841.56 1464.94 805.19 1464.94 hole 0
