1437.70 767.15 1575.08 767.15 1575.08 907.79 1437.70 907.79 normal 0
1435.48 1144.94 1572.84 1144.94 1572.84 1282.72 1435.48 1282.72 normal 0
1433.61 954.15 1573.29 954.15 1573.29 1097.01 1433.61 1097.01 normal 0
1439.81 1344.44 1567.53 1344.44 1567.53 1468.83 1439.81 1468.83 normal 0
2158.41 1348.10 2297.40 1348.10 2297.40 1492.21 2158.41 1492.21 hole 0
2352.77 1164.97 2487.06 1164.97 2487.06 1304.70 2352.77 1304.70 hole 0
2543.65 973.02 2689.68 973.02 2689.68 1119.05 2543.65 1119.05 ballL 0
2745.24 779.36 2889.68 779.36 2889.68 930.16 2745.24 930.16 ballL 0
2369.28 2064.02 2451.09 2064.02 2451.09 2145.65 2369.28 2145.65 hole 0
2497.59 2059.71 2638.38 2059.71 2638.38 2193.92 2497.59 2193.92 hole 0
2681.82 2067.53 2815.08 2067.53 2815.08 2198.41 2681.82 2198.41 hole 0
2175.29 2733.35 2235.87 2733.35 2235.87 2841.30 2175.29 2841.30 hole 0
2278.57 2904.76 2414.47 2904.76 2414.47 3028.95 2278.57 3028.95 hole 0
2447.37 3071.05 2582.89 3071.05 2582.89 3197.37 2447.37 3197.37 hole 0
2614.47 3236.84 2747.37 3236.84 2747.37 3359.21 2614.47 3359.21 ballL 0
