708.64 1343.33 822.50 1343.33 822.50 1455.00 708.64 1455.00 normal 0
127.60 751.39 264.70 751.39 264.70 899.26 127.60 899.26 ballL 0
321.65 945.40 459.56 945.40 459.56 1088.24 321.65 1088.24 hole 0
517.52 1141.02 650.65 1141.02 650.65 1281.17 517.52 1281.17 hole 0
729.49 2042.18 844.15 2042.18 844.15 2172.73 729.49 2172.73 normal 0
532.43 2036.49 663.89 2036.49 663.89 2170.37 532.43 2170.37 hole 0
347.30 2035.14 482.43 2035.14 482.43 2170.27 347.30 2170.27 hole 0
171.27 2036.14 301.30 2036.14 301.30 2170.13 171.27 2170.13 hole 0
209.90 3214.76 339.00 3214.76 339.00 3335.00 209.90 3335.00 hole 0
379.62 3048.54 507.79 3048.54 507.79 3170.13 379.62 3170.13 hole 0
551.59 2884.02 679.41 2884.02 679.41 3009.80 551.59 3009.80 hole 0
