1383.57 1277.14 1462.14 1277.14 1462.14 1390.00 1383.57 1390.00 wave 0
1569.28 1272.86 1640.71 1272.86 1640.71 1385.72 1569.28 1385.72 wave 0
1749.29 1270.00 1829.29 1270.00 1829.29 1392.86 1749.29 1392.86 wave 0
1929.28 1274.28 2006.43 1274.28 2006.43 1388.57 1929.28 1388.57 wave 0
1383.57 1462.86 1462.14 1462.86 1462.14 1574.28 1383.57 1574.28 wave 0
1562.14 1460.00 1646.43 1460.00 1646.43 1575.72 1562.14 1575.72 wave 0
1752.14 1460.00 1830.71 1460.00 1830.71 1578.57 1752.14 1578.57 wave 0
1932.14 1464.28 2007.86 1464.28 2007.86 1575.72 1932.14 1575.72 wave 0
1383.57 1652.86 1466.43 1652.86 1466.43 1997.14 1383.57 1997.14 ballL 0
1560.71 1651.43 1642.14 1651.43 1642.14 1987.14 1560.71 1987.14 ballL 0
1742.14 1651.43 1823.57 1651.43 1823.57 1994.28 1742.14 1994.28 ballL 0
1922.14 1658.57 1999.29 1658.57 1999.29 2004.28 1922.14 2004.28 ballL 0
1750.71 2162.86 1823.57 2162.86 1823.57 2432.86 1750.71 2432.86 ballL 0
1927.86 2098.57 1999.29 2098.57 1999.29 2428.57 1927.86 2428.57 ballL 0
1577.86 2180.00 1646.43 2180.00 1646.43 2422.86 1577.86 2422.86 ballL 0
1399.29 2255.72 1467.86 2255.72 1467.86 2417.14 1399.29 2417.14 ballL 0
