490.91 666.67 578.79 666.67 578.79 1054.54 490.91 1054.54 normal 0
378.79 1087.88 460.61 1087.88 460.61 1475.76 378.79 1475.76 normal 0
609.09 1093.94 693.94 1093.94 693.94 1481.82 609.09 1481.82 normal 0
1427.27 1524.24 1521.21 1524.24 1521.21 1903.03 1427.27 1903.03 normal 0
1654.54 1524.24 1745.45 1524.24 1745.45 1909.09 1654.54 1909.09 normal 0
1309.09 1927.27 1400.00 1927.27 1400.00 2293.94 1309.09 2293.94 normal 0
1524.24 1930.30 1621.21 1930.30 1621.21 2303.03 1524.24 2303.03 normal 0
1748.48 1939.39 1842.42 1939.39 1842.42 2309.09 1748.48 2309.09 normal 0
827.27 1096.97 921.21 1096.97 921.21 1484.85 827.27 1484.85 normal 0
718.18 666.67 812.12 666.67 812.12 1069.70 718.18 1069.70 normal 0
2341.91 2330.70 2423.01 2335.57 2401.84 2688.06 2320.74 2683.18 normal 0
2432.10 2722.97 2504.97 2727.35 2484.07 3075.27 2411.20 3070.89 normal 0
2214.93 2713.07 2288.58 2717.50 2267.50 3068.33 2193.85 3063.91 normal 0
