1046.91 417.28 1582.35 417.28 1582.35 487.50 1046.91 487.50 ballS 0
1640.44 410.81 2211.71 410.81 2211.71 494.12 1640.44 494.12 ballS 0
2825.67 1131.31 2918.02 1136.86 2883.96 1703.77 2791.61 1698.23 ballL 0
2791.88 1724.85 2879.37 1728.35 2857.58 2272.66 2770.09 2269.16 ballL 0
1112.27 2829.21 1316.28 2829.21 1316.28 2885.27 1112.27 2885.27 ballS 0
1654.02 2828.74 1843.68 2828.74 1843.68 2897.70 1654.02 2897.70 ballS 0
1451.85 2829.63 1577.85 2829.63 1577.85 2891.14 1451.85 2891.14 hole 0
1843.79 2827.70 2034.60 2827.70 2034.60 2893.22 1843.79 2893.22 ballL 0
2033.33 2829.88 2162.07 2829.88 2162.07 2896.55 2033.33 2896.55 ballS 0
1310.08 2828.05 1459.69 2828.05 1459.69 2886.19 1310.08 2886.19 ballL 0
