1618.75 412.50 2207.64 412.50 2207.64 501.39 1618.75 501.39 hole 0
2824.78 1270.08 2897.66 1272.27 2889.74 1535.90 2816.87 1533.71 ballL 0
2789.55 1728.50 2886.02 1732.36 2864.29 2275.51 2767.82 2271.65 ballL 0
1456.00 2827.33 1592.67 2827.33 1592.67 2888.00 1456.00 2888.00 hole 0
1619.54 2820.69 1754.47 2820.69 1754.47 2889.43 1619.54 2889.43 hole 0
2810.26 1537.61 2887.12 1537.61 2887.12 1696.97 2810.26 1696.97 ballS 0
1758.54 2825.20 2027.64 2825.20 2027.64 2891.06 1758.54 2891.06 ballL 0
1358.89 422.22 1581.11 422.22 1581.11 486.67 1358.89 486.67 normal 0
2031.18 2826.88 2152.69 2826.88 2152.69 2890.32 2031.18 2890.32 ballS 0
1202.00 2826.67 1456.00 2826.67 1456.00 2887.33 1202.00 2887.33 ballL 0
