1004.72 416.98 1589.62 416.98 1589.62 498.11 1004.72 498.11 hole 0
1636.79 415.10 2036.04 415.10 2036.04 490.09 1636.79 490.09 hole 0
1050.00 2830.00 1323.33 2830.00 1323.33 2898.11 1050.00 2898.11 hole 0
1798.20 2827.03 2061.32 2827.03 2061.32 2894.34 1798.20 2894.34 hole 0
319.00 1138.00 405.99 1134.52 428.57 1698.70 341.58 1702.18 ballS 0
354.12 1737.65 423.16 1734.88 432.29 1963.10 363.25 1965.86 ballS 0
1323.33 2830.00 1586.67 2830.00 1586.67 2896.67 1323.33 2896.67 hole 0
1625.23 2826.13 1696.39 2826.13 1696.39 2893.69 1625.23 2893.69 hole 0
364.85 1972.73 439.40 1972.73 439.40 2113.33 364.85 2113.33 hole 0
371.51 2114.54 442.43 2114.54 442.43 2263.03 371.51 2263.03 hole 0
