1145.05 2821.67 1250.39 2821.67 1250.39 2888.19 1145.05 2888.19 hole 0
1708.11 2822.12 1794.77 2822.12 1794.77 2892.81 1708.11 2892.81 hole 0
322.10 1151.54 406.43 1147.32 433.69 1691.88 349.35 1696.10 ballL 0
350.62 1741.91 430.00 1738.74 451.04 2264.58 371.67 2267.76 ballL 0
1787.31 422.39 2057.46 422.39 2057.46 495.52 1787.31 495.52 hole 0
1205.22 417.28 1387.65 417.28 1387.65 489.55 1205.22 489.55 hole 0
1990.09 2825.72 2125.00 2825.72 2125.00 2890.99 1990.09 2890.99 ballS 0
1796.67 2822.00 1985.33 2822.00 1985.33 2889.33 1796.67 2889.33 ballL 0
1244.09 2822.05 1425.98 2822.05 1425.98 2888.19 1244.09 2888.19 ballL 0
1419.68 2825.98 1556.69 2825.98 1556.69 2890.55 1419.68 2890.55 hole 0
1396.30 419.75 1570.37 419.75 1570.37 491.36 1396.30 491.36 normal 0
1058.03 422.22 1207.41 422.22 1207.41 486.42 1058.03 486.42 normal 0
