328.15 1153.12 416.52 1150.47 432.89 1695.98 344.52 1698.63 ballL 0
353.11 1734.19 438.07 1730.79 459.62 2269.20 374.66 2272.60 ballL 0
1187.92 420.20 1400.98 420.20 1400.98 495.10 1187.92 495.10 hole 0
1752.82 404.65 2196.51 404.65 2196.51 502.82 1752.82 502.82 hole 0
1144.72 2825.20 1240.63 2825.20 1240.63 2891.67 1144.72 2891.67 hole 0
1706.72 2830.25 1822.69 2830.25 1822.69 2889.92 1706.72 2889.92 hole 0
1400.81 2829.17 1536.46 2829.17 1536.46 2891.06 1400.81 2891.06 hole 0
1833.94 2826.67 2014.38 2826.67 2014.38 2894.52 1833.94 2894.52 ballL 0
2021.23 2828.77 2165.07 2828.77 2165.07 2894.52 2021.23 2894.52 ballS 0
1237.73 2828.47 1400.23 2828.47 1400.23 2893.06 1237.73 2893.06 ballL 0
