326.11 1155.33 412.93 1151.85 434.48 1690.28 347.66 1693.75 ballL 0
350.01 1742.27 423.39 1738.60 449.22 2254.66 375.83 2258.33 ballL 0
1082.98 2826.60 1239.36 2826.60 1239.36 2896.81 1082.98 2896.81 ballS 0
1690.42 2826.60 1792.55 2826.60 1792.55 2896.81 1690.42 2896.81 hole 0
1788.19 419.44 2015.97 419.44 2015.97 497.22 1788.19 497.22 hole 0
1206.06 421.80 1243.03 421.80 1243.03 444.83 1206.06 444.83 hole 0
1322.68 426.80 1569.07 426.80 1569.07 487.63 1322.68 487.63 normal 0
1234.04 2825.53 1439.36 2825.53 1439.36 2891.49 1234.04 2891.49 ballL 0
1441.49 2824.47 1532.98 2824.47 1532.98 2894.68 1441.49 2894.68 hole 0
1781.92 2827.66 2035.11 2827.66 2035.11 2896.81 1781.92 2896.81 ballL 0
2029.79 2827.66 2147.87 2827.66 2147.87 2895.74 2029.79 2895.74 ballS 0
