1803.67 416.50 2042.27 416.50 2042.27 493.38 1803.67 493.38 hole 0
2822.34 1227.66 2895.37 1229.85 2883.57 1622.86 2810.55 1620.66 ballL 0
2868.76 1819.56 2789.84 1817.19 2776.55 2260.13 2855.47 2262.50 ballL 0
1148.96 2825.96 1347.11 2825.96 1347.11 2891.67 1148.96 2891.67 ballS 0
1982.91 2827.35 2146.16 2827.35 2146.16 2894.02 1982.91 2894.02 ballS 0
329.73 1160.22 412.67 1158.56 421.09 1579.69 338.16 1581.35 ballS 0
1217.65 411.76 1408.09 411.76 1408.09 455.15 1217.65 455.15 hole 0
2113.24 416.18 2141.18 416.18 2141.18 442.65 2113.24 442.65 hole 0
1349.04 2826.92 1543.59 2826.92 1543.59 2892.31 1349.04 2892.31 ballS 0
1766.67 2829.92 1988.89 2829.92 1988.89 2893.16 1766.67 2893.16 ballL 0
1692.31 2827.35 1781.20 2827.35 1781.20 2888.04 1692.31 2888.04 hole 0
