460.23 756.82 681.25 756.82 681.25 878.12 460.23 878.12 wave 0
1310.50 786.64 1521.88 786.64 1521.88 900.00 1310.50 900.00 wave 0
2183.50 805.09 2384.38 805.09 2384.38 950.00 2183.50 950.00 wave 0
2136.05 1877.27 2328.13 1877.27 2328.13 1996.88 2136.05 1996.88 wave 0
1306.77 1843.46 1509.38 1843.46 1509.38 1965.62 1306.77 1965.62 wave 0
468.41 1811.91 684.38 1811.91 684.38 1934.38 468.41 1934.38 wave 0
473.23 2802.27 668.75 2802.27 668.75 2921.88 473.23 2921.88 wave 0
1282.59 2832.09 1468.75 2832.09 1468.75 2953.12 1282.59 2953.12 wave 0
2082.95 2861.91 2281.25 2861.91 2281.25 3000.00 2082.95 3000.00 wave 0
693.88 773.47 983.67 773.47 983.67 889.80 693.88 889.80 normal 0
700.00 1818.37 975.51 1818.37 975.51 1942.86 700.00 1942.86 normal 0
1518.37 1853.06 1812.25 1853.06 1812.25 1963.26 1518.37 1963.26 normal 0
1526.53 795.92 1863.26 795.92 1863.26 908.16 1526.53 908.16 normal 0
2404.08 828.57 2722.45 828.57 2722.45 936.74 2404.08 936.74 normal 0
2332.65 1887.76 2661.22 1887.76 2661.22 2002.04 2332.65 2002.04 normal 0
687.76 2806.12 971.43 2806.12 971.43 2934.69 687.76 2934.69 normal 0
1479.59 2842.86 1769.39 2842.86 1769.39 2953.06 1479.59 2953.06 normal 0
2302.04 2875.51 2602.04 2875.51 2602.04 2989.80 2302.04 2989.80 normal 0
