465.28 755.56 687.50 755.56 687.50 883.33 465.28 883.33 wave 0
1331.94 775.00 1529.17 775.00 1529.17 908.33 1331.94 908.33 wave 0
2193.06 800.00 2412.50 800.00 2412.50 944.44 2193.06 944.44 wave 0
479.17 1808.33 679.17 1808.33 679.17 1936.11 479.17 1936.11 wave 0
1298.61 1838.89 1498.61 1838.89 1498.61 1966.67 1298.61 1966.67 wave 0
2134.72 1877.78 2356.94 1877.78 2356.94 1988.89 2134.72 1988.89 wave 0
490.28 2800.00 676.39 2800.00 676.39 2922.22 490.28 2922.22 wave 0
1279.17 2827.78 1476.39 2827.78 1476.39 2950.00 1279.17 2950.00 wave 0
2098.61 2866.67 2306.94 2866.67 2306.94 2986.11 2098.61 2986.11 wave 0
705.56 774.08 1000.00 774.08 1000.00 890.74 705.56 890.74 normal 0
1527.78 787.04 1866.67 787.04 1866.67 903.70 1527.78 903.70 normal 0
2420.37 822.22 2722.22 822.22 2722.22 944.44 2420.37 944.44 normal 0
690.74 1818.52 972.22 1818.52 972.22 1938.89 690.74 1938.89 normal 0
1529.63 1855.56 1803.70 1855.56 1803.70 1970.37 1529.63 1970.37 normal 0
2374.07 1883.33 2670.37 1883.33 2670.37 2009.26 2374.07 2009.26 normal 0
690.74 2811.11 992.59 2811.11 992.59 2924.08 690.74 2924.08 normal 0
1490.74 2848.15 1792.59 2848.15 1792.59 2961.11 1490.74 2961.11 normal 0
2324.07 2879.63 2618.52 2879.63 2618.52 3000.00 2324.07 3000.00 normal 0
