467.59 755.56 691.67 755.56 691.67 885.18 467.59 885.18 wave 0
1328.70 777.78 1536.11 777.78 1536.11 911.11 1328.70 911.11 wave 0
2180.56 803.70 2423.15 803.70 2423.15 933.33 2180.56 933.33 wave 0
475.00 1809.26 682.41 1809.26 682.41 1940.74 475.00 1940.74 wave 0
1300.93 1838.89 1521.30 1838.89 1521.30 1968.52 1300.93 1968.52 wave 0
2134.26 1870.37 2378.70 1870.37 2378.70 2005.56 2134.26 2005.56 wave 0
482.41 2796.30 689.81 2796.30 689.81 2920.37 482.41 2920.37 wave 0
1278.70 2831.48 1493.52 2831.48 1493.52 2951.85 1278.70 2951.85 wave 0
2093.52 2870.37 2313.89 2870.37 2313.89 2987.04 2093.52 2987.04 wave 0
701.67 768.33 995.00 768.33 995.00 891.67 701.67 891.67 normal 0
1545.00 786.67 1861.67 786.67 1861.67 925.00 1545.00 925.00 normal 0
2433.33 823.33 2753.33 823.33 2753.33 951.67 2433.33 951.67 normal 0
686.67 1830.00 996.67 1830.00 996.67 1946.67 686.67 1946.67 normal 0
1526.67 1850.00 1818.33 1850.00 1818.33 1975.00 1526.67 1975.00 normal 0
2390.00 1883.33 2671.67 1883.33 2671.67 2010.00 2390.00 2010.00 normal 0
696.67 2811.67 983.33 2811.67 983.33 2933.33 696.67 2933.33 normal 0
1495.00 2843.33 1796.67 2843.33 1796.67 2965.00 1495.00 2965.00 normal 0
2320.00 2878.33 2606.67 2878.33 2606.67 2996.67 2320.00 2996.67 normal 0
