476.53 1808.16 682.65 1808.16 682.65 1944.90 476.53 1944.90 wave 0
1309.18 1840.82 1525.51 1840.82 1525.51 1961.22 1309.18 1961.22 wave 0
2141.84 1871.43 2380.61 1871.43 2380.61 2002.04 2141.84 2002.04 wave 0
1325.51 777.55 1537.75 777.55 1537.75 910.20 1325.51 910.20 wave 0
2190.82 804.08 2429.59 804.08 2429.59 938.78 2190.82 938.78 wave 0
464.29 748.98 692.86 748.98 692.86 885.72 464.29 885.72 wave 0
482.65 2800.00 707.14 2800.00 707.14 2920.41 482.65 2920.41 wave 0
1284.69 2832.65 1498.98 2832.65 1498.98 2955.10 1284.69 2955.10 wave 0
2092.86 2861.22 2325.51 2861.22 2325.51 2985.72 2092.86 2985.72 wave 0
696.67 765.00 996.67 765.00 996.67 890.00 696.67 890.00 normal 0
1550.00 788.33 1861.67 788.33 1861.67 913.33 1550.00 913.33 normal 0
2433.33 820.00 2740.00 820.00 2740.00 940.00 2433.33 940.00 normal 0
681.67 1816.67 995.00 1816.67 995.00 1951.67 681.67 1951.67 normal 0
1528.33 1843.33 1831.67 1843.33 1831.67 1973.33 1528.33 1973.33 normal 0
2381.67 1878.33 2683.33 1878.33 2683.33 1998.33 2381.67 1998.33 normal 0
2328.33 2876.67 2608.33 2876.67 2608.33 2998.33 2328.33 2998.33 normal 0
1503.33 2840.00 1801.67 2840.00 1801.67 2961.67 1503.33 2961.67 normal 0
711.67 2806.67 988.33 2806.67 988.33 2930.00 711.67 2930.00 normal 0
