1401.13 681.82 1513.96 681.82 1513.96 811.71 1401.13 811.71 wave 0
1561.26 680.18 1671.59 680.18 1671.59 811.36 1561.26 811.36 wave 0
1474.78 844.14 1598.86 844.14 1598.86 968.59 1474.78 968.59 wave 0
2645.95 1875.68 2764.87 1875.68 2764.87 1990.54 2645.95 1990.54 wave 0
2566.21 2020.27 2687.84 2020.27 2687.84 2139.19 2566.21 2139.19 wave 0
2717.57 2018.92 2839.19 2018.92 2839.19 2145.94 2717.57 2145.94 wave 0
2537.84 3125.68 2658.11 3125.68 2658.11 3237.84 2537.84 3237.84 wave 0
2611.69 677.27 2738.96 677.27 2738.96 808.11 2611.69 808.11 wave 0
2683.33 835.06 2809.74 835.06 2809.74 966.67 2683.33 966.67 wave 0
2615.91 2990.91 2738.64 2990.91 2738.64 3090.91 2615.91 3090.91 wave 0
2690.15 3134.85 2802.27 3134.85 2802.27 3236.36 2690.15 3236.36 wave 0
2775.00 673.44 2909.38 673.44 2909.38 814.06 2775.00 814.06 wave 0
