2750.00 800.00 2885.09 800.00 2885.09 943.86 2750.00 943.86 hole 0
2546.49 994.74 2676.32 994.74 2676.32 1138.60 2546.49 1138.60 hole 0
2353.51 1184.21 2486.84 1184.21 2486.84 1324.56 2353.51 1324.56 hole 0
2156.79 1368.42 2293.86 1368.42 2293.86 1508.64 2156.79 1508.64 hole 0
2134.21 2078.95 2264.03 2078.95 2264.03 2208.77 2134.21 2208.77 normal 0
2316.67 2082.46 2451.75 2082.46 2451.75 2210.53 2316.67 2210.53 hole 0
2499.12 2084.21 2628.95 2084.21 2628.95 2215.79 2499.12 2215.79 hole 0
2113.16 2757.90 2239.47 2757.90 2239.47 2877.19 2113.16 2877.19 hole 0
2281.58 2924.56 2409.65 2924.56 2409.65 3049.12 2281.58 3049.12 hole 0
2450.00 3096.49 2578.07 3096.49 2578.07 3219.30 2450.00 3219.30 hole 0
2618.42 3263.16 2746.49 3263.16 2746.49 3382.46 2618.42 3382.46 ballL 0
2681.58 2084.21 2813.16 2084.21 2813.16 2217.54 2681.58 2217.54 hole 0
124.51 776.47 263.72 776.47 263.72 913.72 124.51 913.72 ballL 0
318.63 970.59 455.88 970.59 455.88 1115.69 318.63 1115.69 hole 0
510.78 1164.70 650.00 1164.70 650.00 1303.92 510.78 1303.92 hole 0
700.98 1352.94 838.24 1352.94 838.24 1488.24 700.98 1488.24 hole 0
167.65 2060.78 299.02 2060.78 299.02 2188.24 167.65 2188.24 hole 0
353.92 2060.78 475.49 2060.78 475.49 2184.31 353.92 2184.31 hole 0
534.32 2064.70 663.73 2064.70 663.73 2194.12 534.32 2194.12 hole 0
714.71 2062.74 838.24 2062.74 838.24 2192.16 714.71 2192.16 normal 0
724.51 2739.22 853.92 2739.22 853.92 2862.74 724.51 2862.74 normal 0
551.96 2907.84 681.37 2907.84 681.37 3027.45 551.96 3027.45 normal 0
381.37 3070.59 508.82 3070.59 508.82 3192.16 381.37 3192.16 hole 0
212.75 3229.41 336.28 3229.41 336.28 3349.02 212.75 3349.02 hole 0
