153.79 795.46 258.33 795.46 258.33 919.70 153.79 919.70 normal 0
332.58 996.97 455.30 996.97 455.30 1115.15 332.58 1115.15 normal 0
526.51 1189.39 644.70 1189.39 644.70 1306.06 526.51 1306.06 normal 0
706.86 1364.70 836.27 1364.70 836.27 1498.04 706.86 1498.04 normal 0
1440.20 790.20 1581.37 790.20 1581.37 939.22 1440.20 939.22 normal 0
1436.27 984.31 1577.45 984.31 1577.45 1133.33 1436.27 1133.33 normal 0
1438.24 1184.31 1569.61 1184.31 1569.61 1315.69 1438.24 1315.69 normal 0
1436.27 1368.63 1569.61 1368.63 1569.61 1498.04 1436.27 1498.04 normal 0
550.00 2913.72 677.45 2913.72 677.45 3039.22 550.00 3039.22 normal 0
383.33 3084.31 504.90 3084.31 504.90 3200.00 383.33 3200.00 normal 0
212.75 3249.02 342.16 3249.02 342.16 3360.78 212.75 3360.78 normal 0
