157.50 801.67 259.17 801.67 259.17 911.67 157.50 911.67 normal 0
318.63 978.43 463.72 978.43 463.72 1117.65 318.63 1117.65 normal 0
514.71 1172.55 651.96 1172.55 651.96 1307.84 514.71 1307.84 normal 0
706.86 1364.70 836.27 1364.70 836.27 1498.04 706.86 1498.04 normal 0
1440.20 790.20 1581.37 790.20 1581.37 939.22 1440.20 939.22 normal 0
1436.27 984.31 1577.45 984.31 1577.45 1133.33 1436.27 1133.33 normal 0
1438.24 1184.31 1569.61 1184.31 1569.61 1315.69 1438.24 1315.69 normal 0
1436.27 1368.63 1569.61 1368.63 1569.61 1498.04 1436.27 1498.04 normal 0
550.00 2913.72 677.45 2913.72 677.45 3039.22 550.00 3039.22 normal 0
383.33 3084.31 504.90 3084.31 504.90 3200.00 383.33 3200.00 normal 0
212.75 3249.02 342.16 3249.02 342.16 3360.78 212.75 3360.78 normal 0
