2756.12 818.37 2872.45 818.37 2872.45 955.10 2756.12 955.10 normal 0
2543.75 1003.57 2686.61 1003.57 2686.61 1155.36 2543.75 1155.36 normal 0
2354.46 1191.07 2491.97 1191.07 2491.97 1335.72 2354.46 1335.72 normal 0
2161.61 1378.57 2291.96 1378.57 2291.96 1519.64 2161.61 1519.64 normal 0
2136.61 2087.50 2263.39 2087.50 2263.39 2223.22 2136.61 2223.22 normal 0
2322.32 2089.28 2447.32 2089.28 2447.32 2225.00 2322.32 2225.00 normal 0
2502.68 2094.64 2633.04 2094.64 2633.04 2226.78 2502.68 2226.78 normal 0
2681.25 2092.86 2813.39 2092.86 2813.39 2228.57 2681.25 2228.57 normal 0
2108.04 2762.50 2245.54 2762.50 2245.54 2894.64 2108.04 2894.64 normal 0
2279.46 2933.93 2409.82 2933.93 2409.82 3064.28 2279.46 3064.28 normal 0
2449.11 3103.57 2574.11 3103.57 2574.11 3232.14 2449.11 3232.14 normal 0
2613.39 3267.86 2743.75 3267.86 2743.75 3396.43 2613.39 3396.43 ballS 0
