1376.32 1268.42 1465.79 1268.42 1465.79 1391.23 1376.32 1391.23 wave 0
1557.02 1270.18 1642.98 1270.18 1642.98 1391.23 1557.02 1391.23 wave 0
1742.98 1270.18 1827.19 1270.18 1827.19 1392.98 1742.98 1392.98 wave 0
1925.44 1273.68 2009.29 1273.68 2009.29 1394.28 1925.44 1394.28 wave 0
1376.32 1461.40 1464.04 1461.40 1464.04 1578.95 1376.32 1578.95 wave 0
1553.51 1463.16 1646.49 1463.16 1646.49 1582.46 1553.51 1582.46 wave 0
1746.49 1463.16 1828.95 1463.16 1828.95 1573.68 1746.49 1573.68 wave 0
1925.44 1463.16 2007.89 1463.16 2007.89 1580.70 1925.44 1580.70 wave 0
1378.07 1649.12 1469.30 1649.12 1469.30 2019.30 1378.07 2019.30 ballS 0
1558.77 1649.12 1653.51 1649.12 1653.51 2015.79 1558.77 2015.79 ballS 0
1734.21 1643.86 1820.17 1643.86 1820.17 2015.79 1734.21 2015.79 ballS 0
1921.93 1652.63 2009.65 1652.63 2009.65 2022.81 1921.93 2022.81 ballS 0
1388.60 2092.98 1479.83 2092.98 1479.83 2445.62 1388.60 2445.62 ballS 0
1562.28 2087.72 1651.75 2087.72 1651.75 2440.35 1562.28 2440.35 ballS 0
1748.25 2089.47 1828.95 2089.47 1828.95 2445.62 1748.25 2445.62 ballS 0
1914.91 2089.47 2000.88 2089.47 2000.88 2445.62 1914.91 2445.62 ballS 0
