1382.86 1272.86 1464.29 1272.86 1464.29 1394.28 1382.86 1394.28 wave 0
1561.43 1270.00 1645.71 1270.00 1645.71 1392.86 1561.43 1392.86 wave 0
1744.29 1270.00 1828.57 1270.00 1828.57 1391.43 1744.29 1391.43 wave 0
1924.29 1268.57 2011.43 1268.57 2011.43 1390.00 1924.29 1390.00 wave 0
1381.43 1454.28 1465.71 1454.28 1465.71 1580.00 1381.43 1580.00 wave 0
1562.86 1457.14 1645.71 1457.14 1645.71 1580.00 1562.86 1580.00 wave 0
1744.29 1457.14 1825.71 1457.14 1825.71 1578.57 1744.29 1578.57 wave 0
1925.71 1458.57 2008.57 1458.57 2008.57 1578.57 1925.71 1578.57 wave 0
1381.43 1642.86 1472.86 1642.86 1472.86 2020.00 1381.43 2020.00 ballL 0
1561.43 1642.86 1648.57 1642.86 1648.57 2022.86 1561.43 2022.86 ballL 0
1735.71 1645.72 1832.86 1645.72 1832.86 2022.86 1735.71 2022.86 ballL 0
1918.57 1644.28 2010.00 1644.28 2010.00 2020.00 1918.57 2020.00 ballL 0
1385.71 2081.43 1472.86 2081.43 1472.86 2445.72 1385.71 2445.72 ballL 0
1560.00 2084.28 1651.43 2084.28 1651.43 2444.28 1560.00 2444.28 ballL 0
1742.86 2081.43 1827.14 2081.43 1827.14 2447.14 1742.86 2447.14 ballL 0
1918.57 2084.28 2004.29 2084.28 2004.29 2445.72 1918.57 2445.72 ballL 0
