1476.51 1274.44 1555.56 1274.44 1555.56 1334.92 1476.51 1334.92 wave 0
1656.67 1271.59 1740.00 1271.59 1740.00 1335.65 1656.67 1335.65 wave 0
1836.35 1273.18 1923.81 1273.18 1923.81 1334.92 1836.35 1334.92 wave 0
2024.29 1273.33 2103.17 1273.33 2103.17 1334.92 2024.29 1334.92 wave 0
1470.85 1461.02 1553.85 1461.02 1553.85 1519.23 1470.85 1519.23 wave 0
1654.20 1459.06 1737.50 1459.06 1737.50 1520.19 1654.20 1520.19 wave 0
1835.63 1459.06 1917.31 1459.06 1917.31 1521.15 1835.63 1521.15 wave 0
2016.19 1460.16 2101.92 1460.16 2101.92 1519.23 2016.19 1519.23 wave 0
1477.88 1755.77 1559.13 1755.77 1559.13 2022.61 1477.88 2022.61 ballL 0
1649.57 1757.39 1733.19 1757.39 1733.19 2022.86 1649.57 2022.86 ballL 0
1830.77 1755.77 1919.23 1755.77 1919.23 2025.00 1830.77 2025.00 ballL 0
2012.17 1758.26 2095.65 1758.26 2095.65 2024.35 2012.17 2024.35 ballL 0
1479.81 2196.15 1561.74 2196.15 1561.74 2446.09 1479.81 2446.09 ballL 0
1656.52 2195.65 1737.39 2195.65 1737.39 2447.83 1656.52 2447.83 ballL 0
1833.91 2200.00 1913.91 2200.00 1913.91 2451.30 1833.91 2451.30 ballL 0
2008.69 2194.78 2090.44 2194.78 2090.44 2451.30 2008.69 2451.30 ballL 0
