1471.76 1275.30 1554.33 1275.30 1554.33 1333.86 1471.76 1333.86 wave 0
1654.12 1272.94 1740.16 1272.94 1740.16 1334.64 1654.12 1334.64 wave 0
1836.35 1273.18 1922.05 1273.18 1922.05 1333.86 1836.35 1333.86 wave 0
2019.74 1273.98 2103.19 1273.98 2103.19 1334.04 2019.74 1334.04 wave 0
1470.85 1460.23 1553.85 1460.23 1553.85 1518.44 1470.85 1518.44 wave 0
1654.20 1459.06 1740.16 1459.06 1740.16 1522.05 1654.20 1522.05 wave 0
1835.63 1459.06 1918.11 1459.06 1918.11 1522.84 1835.63 1522.84 wave 0
2016.19 1460.16 2101.74 1460.16 2101.74 1523.48 2016.19 1523.48 wave 0
1477.88 1755.77 1559.13 1755.77 1559.13 2022.61 1477.88 2022.61 ballL 0
1649.57 1757.39 1733.19 1757.39 1733.19 2022.86 1649.57 2022.86 ballL 0
1830.77 1755.77 1919.23 1755.77 1919.23 2025.00 1830.77 2025.00 ballL 0
2012.17 1758.26 2095.65 1758.26 2095.65 2024.35 2012.17 2024.35 ballL 0
1481.10 2194.49 1561.42 2194.49 1561.42 2448.03 1481.10 2448.03 ballL 0
1656.52 2195.65 1737.65 2195.65 1737.65 2449.41 1656.52 2449.41 ballL 0
1833.07 2194.49 1913.91 2194.49 1913.91 2451.30 1833.07 2451.30 ballL 0
2008.69 2194.78 2090.44 2194.78 2090.44 2451.30 2008.69 2451.30 ballL 0
