1471.76 1275.30 1554.94 1275.30 1554.94 1338.46 1471.76 1338.46 wave 0
1654.12 1272.94 1738.46 1272.94 1738.46 1338.46 1654.12 1338.46 wave 0
1836.35 1273.18 1920.88 1273.18 1920.88 1334.06 1836.35 1334.06 wave 0
2019.74 1273.98 2103.30 1273.98 2103.30 1338.46 2019.74 1338.46 wave 0
1470.85 1460.23 1557.14 1460.23 1557.14 1521.98 1470.85 1521.98 wave 0
1654.20 1459.06 1738.46 1459.06 1738.46 1524.18 1654.20 1524.18 wave 0
1835.63 1459.06 1918.11 1459.06 1918.11 1522.84 1835.63 1522.84 wave 0
2016.19 1460.16 2101.10 1460.16 2101.10 1528.57 2016.19 1528.57 wave 0
1477.88 1755.77 1559.13 1755.77 1559.13 2022.61 1477.88 2022.61 ballS 0
1649.57 1757.39 1733.19 1757.39 1733.19 2022.86 1649.57 2022.86 ballS 0
1830.77 1755.77 1920.78 1755.77 1920.78 2022.08 1830.77 2022.08 ballS 0
2012.17 1758.26 2095.65 1758.26 2095.65 2024.35 2012.17 2024.35 ballS 0
1481.10 2194.49 1561.42 2194.49 1561.42 2448.03 1481.10 2448.03 ballS 0
1656.52 2195.65 1737.65 2195.65 1737.65 2449.41 1656.52 2449.41 ballS 0
1833.07 2194.49 1911.69 2194.49 1911.69 2450.00 1833.07 2450.00 ballS 0
2008.69 2194.78 2090.44 2194.78 2090.44 2451.30 2008.69 2451.30 ballS 0
