1394.19 679.07 1517.44 679.07 1517.44 809.30 1394.19 809.30 wave 0
1561.95 679.40 1685.21 679.40 1685.21 809.63 1561.95 809.63 wave 0
2646.33 1875.40 2769.58 1875.40 2769.58 2005.63 2646.33 2005.63 wave 0
2565.26 2019.91 2688.51 2019.91 2688.51 2150.14 2565.26 2150.14 wave 0
2709.77 2020.23 2833.02 2020.23 2833.02 2150.46 2709.77 2150.46 wave 0
2607.77 2983.72 2724.42 2983.72 2724.42 3108.93 2607.77 3108.93 wave 0
2687.16 3128.23 2813.26 3128.23 2813.26 3246.94 2687.16 3246.94 wave 0
2538.65 3126.23 2654.08 3126.23 2654.08 3242.86 2538.65 3242.86 wave 0
2690.82 844.90 2807.14 844.90 2807.14 967.35 2690.82 967.35 wave 0
2619.39 679.59 2735.71 679.59 2735.71 806.12 2619.39 806.12 normal 0
2780.61 683.67 2896.94 683.67 2896.94 802.04 2780.61 802.04 normal 0
