1379.93 1270.13 1462.75 1270.13 1462.75 1341.18 1379.93 1341.18 wave 0
1559.79 1271.43 1649.02 1271.43 1649.02 1339.22 1559.79 1339.22 wave 0
1744.87 1268.80 1833.33 1268.80 1833.33 1337.26 1744.87 1337.26 wave 0
1926.69 1270.79 2011.76 1270.79 2011.76 1337.26 1926.69 1337.26 wave 0
1381.23 1456.48 1467.53 1456.48 1467.53 1529.22 1381.23 1529.22 wave 0
1563.05 1457.12 1645.45 1457.12 1645.45 1525.98 1563.05 1525.98 wave 0
1746.83 1455.82 1831.17 1455.82 1831.17 1526.62 1746.83 1526.62 wave 0
1928.65 1455.18 2011.76 1455.18 2011.76 1531.37 1928.65 1531.37 wave 0
1387.01 1751.95 1467.53 1751.95 1467.53 2027.27 1387.01 2027.27 ballS 0
1563.64 1759.74 1644.16 1759.74 1644.16 2027.27 1563.64 2027.27 ballS 0
1745.45 1754.54 1824.67 1754.54 1824.67 2019.48 1745.45 2019.48 ballS 0
1925.97 1757.14 2006.49 1757.14 2006.49 2024.02 1925.97 2024.02 ballS 0
1392.21 2194.80 1471.43 2194.80 1471.43 2448.05 1392.21 2448.05 ballL 0
1567.53 2193.51 1648.05 2193.51 1648.05 2449.35 1567.53 2449.35 ballL 0
1745.45 2192.21 1824.67 2192.21 1824.67 2450.65 1745.45 2450.65 ballL 0
1922.08 2196.10 2006.49 2196.10 2006.49 2450.65 1922.08 2450.65 ballS 0
