1379.93 1270.13 1463.48 1270.13 1463.48 1336.52 1379.93 1336.52 wave 0
1559.79 1271.43 1647.82 1271.43 1647.82 1340.00 1559.79 1340.00 wave 0
1744.87 1268.80 1829.57 1268.80 1829.57 1338.26 1744.87 1338.26 wave 0
1926.69 1270.79 2011.76 1270.79 2011.76 1337.26 1926.69 1337.26 wave 0
1381.23 1456.48 1467.83 1456.48 1467.83 1529.56 1381.23 1529.56 wave 0
1564.79 1458.44 1650.43 1458.44 1650.43 1528.70 1564.79 1528.70 wave 0
1746.83 1455.82 1833.04 1455.82 1833.04 1528.70 1746.83 1528.70 wave 0
1929.52 1457.79 2012.17 1457.79 2012.17 1526.09 1929.52 1526.09 wave 0
1387.83 1757.39 1467.83 1757.39 1467.83 2020.87 1387.83 2020.87 ballS 0
1563.64 1759.74 1645.22 1759.74 1645.22 2022.61 1563.64 2022.61 ballS 0
1744.58 1758.02 1824.35 1758.02 1824.35 2020.00 1744.58 2020.00 ballS 0
1925.97 1757.14 2008.69 1757.14 2008.69 2023.48 1925.97 2023.48 ballS 0
1392.21 2194.80 1471.43 2194.80 1471.43 2448.05 1392.21 2448.05 ballL 0
1567.53 2193.51 1648.05 2193.51 1648.05 2449.35 1567.53 2449.35 ballL 0
1745.22 2193.91 1825.22 2193.91 1825.22 2450.44 1745.22 2450.44 ballL 0
1922.08 2196.10 2002.61 2196.10 2002.61 2449.56 1922.08 2449.56 ballS 0
