1379.93 1270.13 1464.35 1270.13 1464.35 1336.52 1379.93 1336.52 wave 0
1559.79 1271.43 1647.82 1271.43 1647.82 1338.26 1559.79 1338.26 wave 0
1746.09 1271.30 1832.17 1271.30 1832.17 1340.00 1746.09 1340.00 wave 0
1926.69 1270.79 2011.76 1270.79 2011.76 1337.26 1926.69 1337.26 wave 0
1381.23 1456.48 1466.96 1456.48 1466.96 1529.56 1381.23 1529.56 wave 0
1562.61 1459.13 1643.48 1459.13 1643.48 1525.22 1562.61 1525.22 wave 0
1746.83 1455.82 1831.37 1455.82 1831.37 1527.45 1746.83 1527.45 wave 0
1928.65 1455.18 2011.76 1455.18 2011.76 1531.37 1928.65 1531.37 wave 0
1386.96 1757.39 1466.96 1757.39 1466.96 2023.48 1386.96 2023.48 ballS 0
1563.64 1759.74 1643.48 1759.74 1643.48 2022.61 1563.64 2022.61 ballS 0
1745.45 1754.54 1824.67 1754.54 1824.67 2019.48 1745.45 2019.48 ballS 0
1925.97 1757.14 2007.82 1757.14 2007.82 2024.35 1925.97 2024.35 ballS 0
1392.21 2194.80 1471.43 2194.80 1471.43 2448.05 1392.21 2448.05 ballL 0
1567.53 2193.51 1648.05 2193.51 1648.05 2449.35 1567.53 2449.35 ballL 0
1741.74 2192.17 1824.35 2192.17 1824.35 2451.30 1741.74 2451.30 ballL 0
1922.08 2196.10 2003.48 2196.10 2003.48 2449.56 1922.08 2449.56 ballS 0
