1379.93 1270.13 1463.83 1270.13 1463.83 1339.36 1379.93 1339.36 wave 0
1559.79 1271.43 1648.94 1271.43 1648.94 1337.24 1559.79 1337.24 wave 0
1744.87 1268.80 1833.33 1268.80 1833.33 1337.26 1744.87 1337.26 wave 0
1926.69 1270.79 2011.76 1270.79 2011.76 1337.26 1926.69 1337.26 wave 0
1381.23 1456.48 1468.09 1456.48 1468.09 1530.85 1381.23 1530.85 wave 0
1565.18 1458.54 1645.75 1458.54 1645.75 1527.66 1565.18 1527.66 wave 0
1746.83 1455.82 1828.72 1455.82 1828.72 1528.72 1746.83 1528.72 wave 0
1927.66 1458.51 2011.70 1458.51 2011.70 1527.66 1927.66 1527.66 wave 0
1387.01 1751.95 1467.53 1751.95 1467.53 2027.27 1387.01 2027.27 ballS 0
1563.64 1759.74 1644.16 1759.74 1644.16 2027.27 1563.64 2027.27 ballS 0
1745.45 1754.54 1824.67 1754.54 1824.67 2019.48 1745.45 2019.48 ballS 0
1925.97 1757.14 2006.49 1757.14 2006.49 2028.57 1925.97 2028.57 ballS 0
1394.68 2197.87 1471.43 2197.87 1471.43 2448.05 1394.68 2448.05 ballL 0
1565.96 2196.81 1648.05 2196.81 1648.05 2449.35 1565.96 2449.35 ballL 0
1745.74 2194.68 1827.66 2194.68 1827.66 2453.19 1745.74 2453.19 ballL 0
1922.08 2196.10 2006.49 2196.10 2006.49 2450.65 1922.08 2450.65 ballS 0
