1379.93 1270.13 1462.75 1270.13 1462.75 1341.18 1379.93 1341.18 wave 0
1559.79 1271.43 1649.02 1271.43 1649.02 1339.22 1559.79 1339.22 wave 0
1744.87 1268.80 1830.85 1268.80 1830.85 1339.36 1744.87 1339.36 wave 0
1926.69 1270.79 2011.76 1270.79 2011.76 1337.26 1926.69 1337.26 wave 0
1381.23 1456.48 1467.02 1456.48 1467.02 1528.72 1381.23 1528.72 wave 0
1562.77 1458.51 1647.06 1458.51 1647.06 1529.41 1562.77 1529.41 wave 0
1746.83 1455.82 1828.72 1455.82 1828.72 1526.60 1746.83 1526.60 wave 0
1928.65 1459.44 2009.57 1459.44 2009.57 1526.60 1928.65 1526.60 wave 0
1387.01 1751.95 1470.21 1751.95 1470.21 2021.28 1387.01 2021.28 ballS 0
1563.64 1759.74 1646.81 1759.74 1646.81 2021.28 1563.64 2021.28 ballS 0
1745.45 1754.54 1824.67 1754.54 1824.67 2019.48 1745.45 2019.48 ballS 0
1925.97 1757.14 2006.49 1757.14 2006.49 2028.57 1925.97 2028.57 ballS 0
1392.21 2194.80 1471.43 2194.80 1471.43 2448.05 1392.21 2448.05 ballL 0
1567.53 2193.51 1648.05 2193.51 1648.05 2449.35 1567.53 2449.35 ballL 0
1746.81 2194.68 1824.47 2194.68 1824.47 2450.00 1746.81 2450.00 ballL 0
1922.08 2196.10 2004.26 2196.10 2004.26 2451.06 1922.08 2451.06 ballS 0
