1379.93 1273.61 1462.61 1273.61 1462.61 1337.39 1379.93 1337.39 wave 0
1559.79 1271.43 1649.02 1271.43 1649.02 1339.22 1559.79 1339.22 wave 0
1744.87 1268.80 1828.70 1268.80 1828.70 1335.65 1744.87 1335.65 wave 0
1926.69 1270.79 2011.76 1270.79 2011.76 1337.26 1926.69 1337.26 wave 0
1381.23 1458.22 1469.57 1458.22 1469.57 1530.44 1381.23 1530.44 wave 0
1563.92 1456.70 1646.09 1456.70 1646.09 1525.22 1563.92 1525.22 wave 0
1746.83 1457.56 1830.44 1457.56 1830.44 1522.61 1746.83 1522.61 wave 0
1927.83 1459.13 2010.43 1459.13 2010.43 1521.74 1927.83 1521.74 wave 0
1387.01 1751.95 1467.53 1751.95 1467.53 2027.27 1387.01 2027.27 ballS 0
1563.64 1759.74 1644.16 1759.74 1644.16 2027.27 1563.64 2027.27 ballS 0
1745.45 1754.54 1824.67 1754.54 1824.67 2019.48 1745.45 2019.48 ballS 0
1925.97 1757.14 2004.35 1757.14 2004.35 2023.48 1925.97 2023.48 ballS 0
1392.21 2194.80 1471.43 2194.80 1471.43 2448.05 1392.21 2448.05 ballL 0
1567.53 2193.51 1648.05 2193.51 1648.05 2449.35 1567.53 2449.35 ballL 0
1744.16 2189.61 1825.22 2189.61 1825.22 2452.17 1744.16 2452.17 ballL 0
1922.08 2196.10 2002.61 2196.10 2002.61 2452.17 1922.08 2452.17 ballS 0
