1381.36 1271.56 1461.43 1271.56 1461.43 1335.72 1381.36 1335.72 wave 0
1560.50 1271.43 1647.14 1271.43 1647.14 1335.00 1560.50 1335.00 wave 0
1744.16 1271.66 1830.00 1271.66 1830.00 1334.28 1744.16 1334.28 wave 0
1927.40 1270.79 2011.43 1270.79 2011.43 1333.57 1927.40 1333.57 wave 0
1380.52 1459.34 1465.71 1459.34 1465.71 1522.14 1380.52 1522.14 wave 0
1560.91 1456.79 1646.43 1456.79 1646.43 1522.86 1560.91 1522.86 wave 0
1748.26 1460.10 1829.29 1460.10 1829.29 1523.57 1748.26 1523.57 wave 0
1927.22 1458.75 2010.00 1458.75 2010.00 1522.14 1927.22 1522.14 wave 0
1387.01 1751.95 1467.53 1751.95 1467.53 2027.27 1387.01 2027.27 ballS 0
1563.64 1759.74 1644.16 1759.74 1644.16 2027.27 1563.64 2027.27 ballS 0
1745.45 1754.54 1824.67 1754.54 1824.67 2019.48 1745.45 2019.48 ballS 0
1925.97 1757.14 2006.49 1757.14 2006.49 2028.57 1925.97 2028.57 ballS 0
1392.21 2194.80 1471.43 2194.80 1471.43 2448.05 1392.21 2448.05 ballL 0
1567.53 2193.51 1648.05 2193.51 1648.05 2449.35 1567.53 2449.35 ballL 0
1744.16 2189.61 1825.00 2189.61 1825.00 2451.43 1744.16 2451.43 ballL 0
1922.08 2196.10 2002.14 2196.10 2002.14 2451.43 1922.08 2451.43 ballS 0
