1017.14 1108.57 1141.35 1108.57 1141.35 1229.81 1017.14 1229.81 ballL 0
1454.81 1109.62 1577.89 1109.62 1577.89 1232.69 1454.81 1232.69 ballL 0
1022.86 1371.43 1144.23 1371.43 1144.23 1491.35 1022.86 1491.35 ballL 0
1453.85 1375.96 1577.14 1375.96 1577.14 1495.72 1453.85 1495.72 ballL 0
1024.71 1631.76 1146.15 1631.76 1146.15 1749.04 1024.71 1749.04 ballL 0
1455.29 1632.94 1572.94 1632.94 1572.94 1754.12 1455.29 1754.12 ballL 0
1030.59 1885.88 1148.23 1885.88 1148.23 2002.35 1030.59 2002.35 ballL 0
1454.12 1888.24 1575.29 1888.24 1575.29 2007.06 1454.12 2007.06 ballL 0
1033.01 2142.03 1151.43 2142.03 1151.43 2255.72 1033.01 2255.72 ballL 0
1452.94 2141.18 1575.71 2141.18 1575.71 2258.57 1452.94 2258.57 ballL 0
1038.83 2385.88 1156.47 2385.88 1156.47 2498.82 1038.83 2498.82 ballL 0
1452.94 2389.41 1576.47 2389.41 1576.47 2505.88 1452.94 2505.88 ballL 0
