1400.94 681.13 1519.81 681.13 1519.81 815.10 1400.94 815.10 wave 0
1559.32 684.79 1678.19 684.79 1678.19 818.76 1559.32 818.76 wave 0
2651.55 1875.51 2774.49 1875.51 2774.49 1997.77 2651.55 1997.77 wave 0
2566.53 2027.85 2687.29 2027.85 2687.29 2149.15 2566.53 2149.15 wave 0
2721.13 2024.49 2833.67 2024.49 2833.67 2150.38 2721.13 2150.38 wave 0
2615.36 2977.36 2731.13 2977.36 2731.13 3103.10 2615.36 3103.10 wave 0
2530.34 3126.30 2656.12 3126.30 2656.12 3240.82 2530.34 3240.82 wave 0
2613.26 677.55 2735.71 677.55 2735.71 802.04 2613.26 802.04 normal 0
2680.61 834.69 2798.98 834.69 2798.98 965.31 2680.61 965.31 wave 0
2776.53 681.63 2898.98 681.63 2898.98 806.12 2776.53 806.12 normal 0
2688.78 3128.57 2803.06 3128.57 2803.06 3236.74 2688.78 3236.74 wave 0
