1017.14 1108.57 1142.35 1108.57 1142.35 1230.59 1017.14 1230.59 ballL 0
1452.34 1109.34 1576.64 1109.34 1576.64 1228.97 1452.34 1228.97 ballL 0
1022.86 1371.43 1145.71 1371.43 1145.71 1492.86 1022.86 1492.86 ballL 0
1455.14 1371.96 1577.57 1371.96 1577.57 1493.46 1455.14 1493.46 ballL 0
1027.10 1632.71 1145.79 1632.71 1145.79 1751.40 1027.10 1751.40 ballL 0
1455.29 1632.94 1575.70 1632.94 1575.70 1754.20 1455.29 1754.20 ballL 0
1030.59 1885.88 1148.94 1885.88 1148.94 2005.32 1030.59 2005.32 ballL 0
1454.12 1888.24 1574.77 1888.24 1574.77 2009.34 1454.12 2009.34 ballL 0
1034.04 2142.55 1151.43 2142.55 1151.43 2255.72 1034.04 2255.72 ballL 0
1452.94 2141.18 1575.71 2141.18 1575.71 2258.57 1452.94 2258.57 ballL 0
1039.36 2387.24 1156.47 2387.24 1156.47 2498.82 1039.36 2498.82 ballL 0
1455.32 2392.55 1576.60 2392.55 1576.60 2504.26 1455.32 2504.26 ballL 0
