1018.56 1108.25 1141.24 1108.25 1141.24 1229.90 1018.56 1229.90 ballL 0
1452.88 1109.62 1577.32 1109.62 1577.32 1230.93 1452.88 1230.93 ballL 0
1022.86 1371.43 1144.23 1371.43 1144.23 1492.31 1022.86 1492.31 ballL 0
1454.81 1375.00 1577.14 1375.00 1577.14 1495.72 1454.81 1495.72 ballL 0
1024.71 1631.76 1146.39 1631.76 1146.39 1750.52 1024.71 1750.52 ballL 0
1455.29 1632.94 1572.94 1632.94 1572.94 1754.12 1455.29 1754.12 ballL 0
1031.96 1887.63 1148.23 1887.63 1148.23 2002.35 1031.96 2002.35 ballL 0
1454.12 1888.24 1575.29 1888.24 1575.29 2007.06 1454.12 2007.06 ballL 0
1033.01 2142.03 1151.43 2142.03 1151.43 2255.72 1033.01 2255.72 ballL 0
1455.67 2144.33 1575.71 2144.33 1575.71 2258.57 1455.67 2258.57 ballL 0
1041.24 2386.60 1156.47 2386.60 1156.47 2498.82 1041.24 2498.82 ballL 0
1458.76 2395.88 1576.47 2395.88 1576.47 2505.88 1458.76 2505.88 ballL 0
