1017.14 1108.57 1141.88 1108.57 1141.88 1230.77 1017.14 1230.77 ballL 0
1452.13 1108.51 1576.92 1108.51 1576.92 1228.20 1452.13 1228.20 ballL 0
1022.86 1371.43 1144.68 1371.43 1144.68 1492.55 1022.86 1492.55 ballL 0
1454.26 1375.53 1576.92 1375.53 1576.92 1493.16 1454.26 1493.16 ballL 0
1024.71 1631.76 1144.44 1631.76 1144.44 1750.43 1024.71 1750.43 ballL 0
1455.29 1632.94 1572.94 1632.94 1572.94 1754.12 1455.29 1754.12 ballL 0
1030.59 1885.88 1148.23 1885.88 1148.23 2002.35 1030.59 2002.35 ballL 0
1454.12 1888.24 1572.34 1888.24 1572.34 2006.38 1454.12 2006.38 ballL 0
1037.24 2142.55 1151.43 2142.55 1151.43 2255.72 1037.24 2255.72 ballL 0
1455.32 2144.68 1575.71 2144.68 1575.71 2258.57 1455.32 2258.57 ballL 0
1038.83 2385.88 1156.47 2385.88 1156.47 2498.82 1038.83 2498.82 ballL 0
1455.32 2391.49 1575.53 2391.49 1575.53 2503.19 1455.32 2503.19 ballL 0
