1017.14 1108.57 1142.35 1108.57 1142.35 1230.59 1017.14 1230.59 ballL 0
1454.26 1108.51 1579.79 1108.51 1579.79 1230.85 1454.26 1230.85 ballL 0
1022.86 1371.43 1143.62 1371.43 1143.62 1492.55 1022.86 1492.55 ballL 0
1452.13 1373.40 1577.14 1373.40 1577.14 1495.72 1452.13 1495.72 ballL 0
1024.71 1631.76 1147.87 1631.76 1147.87 1752.13 1024.71 1752.13 ballL 0
1455.29 1632.94 1572.94 1632.94 1572.94 1754.12 1455.29 1754.12 ballL 0
1030.59 1885.88 1148.94 1885.88 1148.94 2002.13 1030.59 2002.13 ballL 0
1454.12 1888.24 1575.29 1888.24 1575.29 2007.06 1454.12 2007.06 ballL 0
1033.01 2142.03 1151.43 2142.03 1151.43 2255.72 1033.01 2255.72 ballL 0
1452.94 2141.18 1575.71 2141.18 1575.71 2258.57 1452.94 2258.57 ballL 0
1038.83 2385.88 1156.47 2385.88 1156.47 2498.82 1038.83 2498.82 ballL 0
1454.26 2390.42 1576.60 2390.42 1576.60 2504.26 1454.26 2504.26 ballL 0
