1016.47 1108.24 1142.35 1108.24 1142.35 1230.59 1016.47 1230.59 ballL 0
1452.94 1111.76 1577.65 1111.76 1577.65 1230.59 1452.94 1230.59 ballL 0
1022.35 1370.59 1143.53 1370.59 1143.53 1491.76 1022.35 1491.76 ballL 0
1452.94 1370.59 1576.47 1370.59 1576.47 1495.30 1452.94 1495.30 ballL 0
1024.71 1631.76 1145.88 1631.76 1145.88 1752.94 1024.71 1752.94 ballL 0
1455.29 1632.94 1572.94 1632.94 1572.94 1754.12 1455.29 1754.12 ballL 0
1030.59 1885.88 1148.23 1885.88 1148.23 2002.35 1030.59 2002.35 ballL 0
1454.12 1888.24 1575.29 1888.24 1575.29 2007.06 1454.12 2007.06 ballL 0
1032.94 2141.18 1151.77 2141.18 1151.77 2252.94 1032.94 2252.94 ballL 0
1452.94 2141.18 1577.65 2141.18 1577.65 2261.18 1452.94 2261.18 ballL 0
1038.83 2385.88 1156.47 2385.88 1156.47 2498.82 1038.83 2498.82 ballL 0
1452.94 2389.41 1576.47 2389.41 1576.47 2505.88 1452.94 2505.88 ballL 0
