1018.27 1108.65 1141.35 1108.65 1141.35 1230.77 1018.27 1230.77 ballL 0
1020.64 1370.79 1144.68 1370.79 1144.68 1493.87 1020.64 1493.87 ballL 0
1452.94 1108.24 1577.65 1108.24 1577.65 1232.94 1452.94 1232.94 ballL 0
1455.29 1374.12 1578.85 1374.12 1578.85 1494.23 1455.29 1494.23 ballL 0
1026.08 1631.86 1145.88 1631.86 1145.88 1751.76 1026.08 1751.76 ballL 0
1450.88 1634.46 1577.89 1634.46 1577.89 1755.77 1450.88 1755.77 ballL 0
1030.59 1888.24 1149.08 1888.24 1149.08 2005.77 1030.59 2005.77 ballL 0
1452.88 1891.35 1578.85 1891.35 1578.85 2013.46 1452.88 2013.46 ballL 0
1035.29 2136.47 1150.85 2136.47 1150.85 2255.82 1035.29 2255.82 ballL 0
1455.53 2143.34 1574.96 2143.34 1574.96 2257.74 1455.53 2257.74 ballL 0
1037.79 2387.76 1157.69 2387.76 1157.69 2499.04 1037.79 2499.04 ballL 0
1456.49 2391.97 1576.92 2391.97 1576.92 2504.81 1456.49 2504.81 ballL 0
