1016.10 1108.06 1141.18 1108.06 1141.18 1231.76 1016.10 1231.76 ballL 0
1020.64 1370.79 1144.68 1370.79 1144.68 1493.87 1020.64 1493.87 ballL 0
1452.94 1108.24 1577.65 1108.24 1577.65 1232.94 1452.94 1232.94 ballL 0
1455.29 1374.12 1580.00 1374.12 1580.00 1494.12 1455.29 1494.12 ballL 0
1026.08 1631.86 1145.88 1631.86 1145.88 1751.76 1026.08 1751.76 ballL 0
1450.88 1634.46 1576.24 1634.46 1576.24 1757.22 1450.88 1757.22 ballL 0
1030.59 1888.24 1149.08 1888.24 1149.08 2005.77 1030.59 2005.77 ballL 0
1454.05 1888.14 1580.70 1888.14 1580.70 2012.28 1454.05 2012.28 ballL 0
1035.29 2136.47 1150.85 2136.47 1150.85 2255.82 1035.29 2255.82 ballL 0
1455.53 2143.34 1574.96 2143.34 1574.96 2257.74 1455.53 2257.74 ballL 0
1037.79 2387.76 1157.65 2387.76 1157.65 2501.18 1037.79 2501.18 ballL 0
1456.49 2391.97 1577.19 2391.97 1577.19 2507.02 1456.49 2507.02 ballL 0
