1170.21 1190.42 1296.88 1190.42 1296.88 1314.18 1170.21 1314.18 ballL 0
1175.94 1456.67 1299.98 1456.67 1299.98 1579.75 1175.94 1579.75 ballL 0
1510.59 1190.59 1635.29 1190.59 1635.29 1315.30 1510.59 1315.30 ballL 0
1514.12 1456.47 1638.82 1456.47 1638.82 1576.47 1514.12 1576.47 ballL 0
1180.20 1678.92 1298.82 1678.92 1298.82 1797.65 1180.20 1797.65 ballL 0
1510.88 1679.17 1636.24 1679.17 1636.24 1801.93 1510.88 1801.93 ballL 0
1181.17 1898.82 1298.82 1898.82 1298.82 2014.12 1181.17 2014.12 ballL 0
1514.06 1899.90 1632.94 1899.90 1632.94 2018.82 1514.06 2018.82 ballL 0
1182.35 2114.12 1297.65 2114.12 1297.65 2225.88 1182.35 2225.88 ballL 0
1515.53 2117.45 1634.96 2117.45 1634.96 2231.86 1515.53 2231.86 ballL 0
1182.49 2325.41 1300.00 2325.41 1300.00 2435.30 1182.49 2435.30 ballL 0
1518.84 2331.97 1632.94 2331.97 1632.94 2445.88 1518.84 2445.88 ballL 0
