787.55 833.88 907.61 833.88 907.61 1072.38 787.55 1072.38 ballS 0
942.82 832.28 1059.67 832.28 1059.67 1067.58 942.82 1067.58 ballL 0
793.15 1141.22 913.21 1141.22 913.21 1373.32 793.15 1373.32 ballL 0
946.82 1142.82 1064.48 1142.82 1064.48 1374.92 946.82 1374.92 ballL 0
806.76 1663.05 914.81 1663.05 914.81 1871.14 806.76 1871.14 ballL 0
813.16 1955.98 919.61 1955.98 919.61 2160.87 813.16 2160.87 ballL 0
943.62 1941.57 1021.26 1941.57 1021.26 2087.24 943.62 2087.24 ballL 0
946.02 2247.31 1025.26 2247.31 1025.26 2396.18 946.02 2396.18 ballL 0
1369.41 1102.80 1448.65 1102.80 1448.65 1258.07 1369.41 1258.07 ballL 0
1495.07 830.68 1607.92 830.68 1607.92 1048.37 1495.07 1048.37 ballL 0
1651.14 827.48 1761.59 827.48 1761.59 1051.58 1651.14 1051.58 ballL 0
1532.69 1096.40 1614.32 1096.40 1614.32 1258.07 1532.69 1258.07 ballS 0
1910.46 824.27 2029.71 824.27 2029.71 1064.38 1910.46 1064.38 ballS 0
1906.45 1134.81 2024.91 1134.81 2024.91 1365.32 1906.45 1365.32 ballS 0
1356.70 1920.46 1472.51 1920.46 1472.51 2142.71 1356.70 2142.71 ballS 0
1505.26 1913.44 1619.90 1913.44 1619.90 2142.71 1505.26 2142.71 ballS 0
1356.70 2203.54 1472.51 2203.54 1472.51 2423.45 1356.70 2423.45 ballS 0
1507.60 2205.88 1622.24 2205.88 1622.24 2418.77 1507.60 2418.77 ballS 0
1952.11 1948.53 2037.61 1948.53 2037.61 2107.34 1952.11 2107.34 ballL 0
1950.94 2255.01 2025.80 2255.01 2025.80 2400.06 1950.94 2400.06 ballS 0
2052.71 2175.73 2161.50 2175.73 2161.50 2386.28 2052.71 2386.28 normal 0
2048.03 2467.90 2152.14 2467.90 2152.14 2669.10 2048.03 2669.10 normal 0
1369.57 3034.06 1445.61 3034.06 1445.61 3176.77 1369.57 3176.77 ballS 0
1235.52 3223.10 1341.97 3223.10 1341.97 3410.26 1235.52 3410.26 normal 0
1377.74 3218.42 1480.93 3218.42 1480.93 3421.95 1377.74 3421.95 normal 0
837.78 2941.38 946.11 2941.38 946.11 3151.42 837.78 3151.42 normal 0
843.96 3210.92 953.64 3210.92 953.64 3416.40 843.96 3416.40 normal 0
982.80 3210.92 1097.85 3210.92 1097.85 3417.21 982.80 3417.21 normal 0
981.88 2942.82 1094.12 2942.82 1094.12 3157.17 981.88 3157.17 normal 0
1524.48 3033.76 1601.78 3033.76 1601.78 3180.76 1524.48 3180.76 normal 0
1885.64 2932.38 1999.69 2932.38 1999.69 3147.81 1885.64 3147.81 normal 0
2031.38 2929.84 2146.70 2929.84 2146.70 3137.67 2031.38 3137.67 normal 0
1883.11 3201.04 1995.89 3201.04 1995.89 3408.86 1883.11 3408.86 normal 0
2028.84 3203.57 2139.09 3203.57 2139.09 3411.40 2028.84 3411.40 normal 0
2065.59 826.24 2184.71 826.24 2184.71 1056.87 2065.59 1056.87 normal 0
2060.52 1130.37 2175.84 1130.37 2175.84 1361.01 2060.52 1361.01 normal 0
1910.46 824.27 2029.71 824.27 2029.71 1064.38 1910.46 1064.38 ballS 0
