864.13 645.65 998.91 645.65 998.91 784.78 864.13 784.78 wave 0
1018.48 647.83 1188.04 647.83 1188.04 819.56 1018.48 819.56 wave 0
1361.96 647.83 1540.22 647.83 1540.22 817.39 1361.96 817.39 wave 0
1709.78 645.65 1885.87 645.65 1885.87 815.22 1709.78 815.22 wave 0
2070.65 739.13 2218.48 739.13 2218.48 886.96 2070.65 886.96 wave 0
2064.13 1050.00 2211.96 1050.00 2211.96 1202.17 2064.13 1202.17 wave 0
2053.26 1356.52 2205.43 1356.52 2205.43 1506.52 2053.26 1506.52 wave 0
872.83 941.30 1011.96 941.30 1011.96 1071.74 872.83 1071.74 wave 0
2042.39 1947.83 2190.22 1947.83 2190.22 2089.13 2042.39 2089.13 wave 0
2048.91 1652.17 2198.91 1652.17 2198.91 1800.00 2048.91 1800.00 wave 0
1707.61 1869.56 1868.48 1869.56 1868.48 2023.91 1707.61 2023.91 wave 0
1381.52 1867.39 1538.04 1867.39 1538.04 2021.74 1381.52 2021.74 wave 0
