1977.92 814.28 2211.69 814.28 2211.69 1053.25 1977.92 1053.25 wave 0
2032.35 1756.86 2112.74 1756.86 2112.74 1837.26 2032.35 1837.26 wave 0
873.53 790.20 961.76 790.20 961.76 903.92 873.53 903.92 wave 0
877.45 1194.12 957.84 1194.12 957.84 1264.70 877.45 1264.70 wave 0
881.37 943.14 959.81 943.14 959.81 1117.65 881.37 1117.65 ballS 0
1087.25 884.31 1179.41 884.31 1179.41 1127.45 1087.25 1127.45 ballS 0
1304.90 886.28 1389.22 886.28 1389.22 1131.37 1304.90 1131.37 ballS 0
1522.55 870.59 1602.94 870.59 1602.94 1092.16 1522.55 1092.16 ballS 0
1742.16 874.51 1826.47 874.51 1826.47 1121.57 1742.16 1121.57 ballS 0
1081.37 790.20 1171.57 790.20 1171.57 856.86 1081.37 856.86 wave 0
1300.98 792.16 1387.25 792.16 1387.25 878.43 1300.98 878.43 wave 0
1524.51 786.28 1610.78 786.28 1610.78 850.98 1524.51 850.98 wave 0
1742.16 796.08 1830.39 796.08 1830.39 862.74 1742.16 862.74 wave 0
1087.25 1200.00 1175.49 1200.00 1175.49 1266.67 1087.25 1266.67 wave 0
1310.78 1188.24 1399.02 1188.24 1399.02 1266.67 1310.78 1266.67 wave 0
1532.35 1198.04 1608.82 1198.04 1608.82 1260.78 1532.35 1260.78 wave 0
1738.24 1194.12 1824.51 1194.12 1824.51 1266.67 1738.24 1266.67 wave 0
881.37 1333.33 963.73 1333.33 963.73 1403.92 881.37 1403.92 wave 0
904.90 1811.76 981.37 1811.76 981.37 1892.16 904.90 1892.16 wave 0
1097.06 1327.45 1185.29 1327.45 1185.29 1376.47 1097.06 1376.47 wave 0
1114.71 1835.30 1193.14 1835.30 1193.14 1886.28 1114.71 1886.28 wave 0
1528.43 1331.37 1612.75 1331.37 1612.75 1384.31 1528.43 1384.31 wave 0
1742.16 1327.45 1828.43 1327.45 1828.43 1382.35 1742.16 1382.35 wave 0
1740.20 1843.14 1820.59 1843.14 1820.59 1896.08 1740.20 1896.08 wave 0
1532.35 1837.26 1608.82 1837.26 1608.82 1898.04 1532.35 1898.04 wave 0
1320.59 1841.18 1402.94 1841.18 1402.94 1894.12 1320.59 1894.12 wave 0
1314.70 1329.41 1397.06 1329.41 1397.06 1378.43 1314.70 1378.43 wave 0
1979.63 1214.82 2174.07 1214.82 2174.07 1307.41 1979.63 1307.41 hole 0
1997.78 1511.11 2152.22 1511.11 2152.22 1658.89 1997.78 1658.89 wave 0
