758.44 1300.00 874.03 1300.00 874.03 1422.08 758.44 1422.08 wave 0
948.05 1302.60 1063.63 1302.60 1063.63 1422.08 948.05 1422.08 wave 0
761.04 1457.14 877.92 1457.14 877.92 1574.02 761.04 1574.02 wave 0
951.95 1453.25 1066.23 1453.25 1066.23 1574.02 951.95 1574.02 wave 0
764.93 1605.20 880.52 1605.20 880.52 1722.08 764.93 1722.08 wave 0
951.95 1603.90 1070.13 1603.90 1070.13 1720.78 951.95 1720.78 wave 0
2290.91 1294.80 2409.09 1294.80 2409.09 1414.28 2290.91 1414.28 wave 0
2485.71 1293.51 2600.00 1293.51 2600.00 1414.28 2485.71 1414.28 wave 0
2290.91 1449.35 2403.90 1449.35 2403.90 1563.64 2290.91 1563.64 wave 0
2479.22 1449.35 2601.30 1449.35 2601.30 1563.64 2479.22 1563.64 wave 0
2283.12 1598.70 2405.20 1598.70 2405.20 1718.18 2283.12 1718.18 wave 0
2483.12 1598.70 2598.70 1598.70 2598.70 1718.18 2483.12 1718.18 wave 0
797.40 2777.92 911.69 2777.92 911.69 2893.51 797.40 2893.51 wave 0
980.52 2780.52 1093.51 2780.52 1093.51 2893.51 980.52 2893.51 wave 0
802.60 2920.78 912.99 2920.78 912.99 3031.17 802.60 3031.17 wave 0
985.71 2923.38 1098.70 2923.38 1098.70 3033.77 985.71 3033.77 wave 0
805.19 3062.34 920.78 3062.34 920.78 3172.73 805.19 3172.73 wave 0
988.31 3063.64 1102.60 3063.64 1102.60 3175.32 988.31 3175.32 wave 0
2272.73 2781.82 2387.01 2781.82 2387.01 2893.51 2272.73 2893.51 wave 0
2459.74 2781.82 2572.73 2781.82 2572.73 2896.10 2459.74 2896.10 wave 0
2270.13 2923.38 2383.12 2923.38 2383.12 3036.36 2270.13 3036.36 wave 0
2458.44 2928.57 2570.13 2928.57 2570.13 3037.66 2458.44 3037.66 wave 0
2268.83 3068.83 2380.52 3068.83 2380.52 3179.22 2268.83 3179.22 wave 0
2454.55 3067.53 2567.53 3067.53 2567.53 3179.22 2454.55 3179.22 wave 0
1385.87 1365.22 1970.65 1365.22 1970.65 1491.30 1385.87 1491.30 normal 0
1388.04 1521.74 1966.31 1521.74 1966.31 1645.65 1388.04 1645.65 normal 0
1401.09 2845.65 1961.96 2845.65 1961.96 2965.22 1401.09 2965.22 normal 0
1401.09 2989.13 1964.13 2989.13 1964.13 3104.35 1401.09 3104.35 normal 0
2462.04 1979.63 2558.33 1979.63 2558.33 2531.48 2462.04 2531.48 ballS 0
2306.48 1981.48 2415.74 1981.48 2415.74 2535.18 2306.48 2535.18 ballS 0
945.37 1981.48 1065.74 1981.48 1065.74 2535.18 945.37 2535.18 ballS 0
795.37 1985.18 919.44 1985.18 919.44 2529.63 795.37 2529.63 ballS 0
