757.86 1297.14 875.00 1297.14 875.00 1420.00 757.86 1420.00 wave 0
949.29 1297.14 1063.57 1297.14 1063.57 1420.00 949.29 1420.00 wave 0
763.57 1454.28 879.28 1454.28 879.28 1572.86 763.57 1572.86 wave 0
947.86 1454.28 1066.43 1454.28 1066.43 1571.43 947.86 1571.43 wave 0
763.57 1607.14 882.14 1607.14 882.14 1722.86 763.57 1722.86 wave 0
955.00 1605.72 1072.14 1605.72 1072.14 1722.86 955.00 1722.86 wave 0
2290.71 1298.57 2412.14 1298.57 2412.14 1410.00 2290.71 1410.00 wave 0
2483.57 1290.00 2603.57 1290.00 2603.57 1414.28 2483.57 1414.28 wave 0
2287.86 1451.43 2406.43 1451.43 2406.43 1565.72 2287.86 1565.72 wave 0
2479.29 1450.00 2600.72 1450.00 2600.72 1565.72 2479.29 1565.72 wave 0
2287.86 1602.86 2406.43 1602.86 2406.43 1714.28 2287.86 1714.28 wave 0
2480.72 1600.00 2600.72 1600.00 2600.72 1715.72 2480.72 1715.72 wave 0
800.72 2782.86 909.28 2782.86 909.28 2894.28 800.72 2894.28 wave 0
982.14 2780.00 1093.57 2780.00 1093.57 2892.86 982.14 2892.86 wave 0
796.43 2921.43 913.57 2921.43 913.57 3035.72 796.43 3035.72 wave 0
985.00 2922.86 1099.29 2922.86 1099.29 3030.00 985.00 3030.00 wave 0
805.00 3065.72 916.43 3065.72 916.43 3168.57 805.00 3168.57 wave 0
989.29 3061.43 1097.86 3061.43 1097.86 3168.57 989.29 3168.57 wave 0
2273.57 2784.28 2385.00 2784.28 2385.00 2894.28 2273.57 2894.28 wave 0
2459.57 2785.11 2572.34 2785.11 2572.34 2891.49 2459.57 2891.49 wave 0
2271.28 2926.60 2385.11 2926.60 2385.11 3034.04 2271.28 3034.04 wave 0
2457.45 2927.66 2568.08 2927.66 2568.08 3032.98 2457.45 3032.98 wave 0
2270.21 3067.02 2381.92 3067.02 2381.92 3175.53 2270.21 3175.53 wave 0
2455.32 3068.08 2567.02 3068.08 2567.02 3178.72 2455.32 3178.72 wave 0
1383.85 1372.31 1968.46 1372.31 1968.46 1490.77 1383.85 1490.77 ballS 0
1385.38 1527.69 1966.92 1527.69 1966.92 1646.15 1385.38 1646.15 ballS 0
796.67 1971.74 925.00 1971.74 925.00 2526.67 796.67 2526.67 ballS 0
935.87 1969.56 1072.83 1969.56 1072.83 2539.13 935.87 2539.13 ballS 0
2458.16 1989.80 2562.25 1989.80 2562.25 2528.57 2458.16 2528.57 ballS 0
2307.14 1979.59 2411.22 1979.59 2411.22 2520.41 2307.14 2520.41 ballS 0
1407.14 2855.10 1952.04 2855.10 1952.04 2965.31 1407.14 2965.31 ballS 0
1407.14 3000.00 1956.12 3000.00 1956.12 3102.04 1407.14 3102.04 ballS 0
