787.55 833.88 907.61 833.88 907.61 1072.38 787.55 1072.38 ballL 0
942.82 832.28 1059.67 832.28 1059.67 1067.58 942.82 1067.58 ballL 0
793.15 1141.22 913.21 1141.22 913.21 1373.32 793.15 1373.32 ballL 0
946.82 1142.82 1064.48 1142.82 1064.48 1374.92 946.82 1374.92 ballL 0
806.76 1663.05 914.81 1663.05 914.81 1871.14 806.76 1871.14 ballL 0
813.16 1955.98 919.61 1955.98 919.61 2160.87 813.16 2160.87 ballL 0
943.62 1941.57 1021.26 1941.57 1021.26 2087.24 943.62 2087.24 ballS 0
946.02 2247.31 1025.26 2247.31 1025.26 2396.18 946.02 2396.18 ballL 0
1369.41 1102.80 1448.65 1102.80 1448.65 1258.07 1369.41 1258.07 ballS 0
1495.07 830.68 1607.92 830.68 1607.92 1048.37 1495.07 1048.37 ballL 0
1651.14 827.48 1761.59 827.48 1761.59 1051.58 1651.14 1051.58 ballS 0
1532.69 1096.40 1614.32 1096.40 1614.32 1258.07 1532.69 1258.07 ballS 0
1910.46 824.27 2029.71 824.27 2029.71 1064.38 1910.46 1064.38 ballS 0
1906.45 1134.81 2024.91 1134.81 2024.91 1365.32 1906.45 1365.32 ballL 0
1958.19 1948.53 2035.40 1948.53 2035.40 2102.94 1958.19 2102.94 ballS 0
1950.94 2255.01 2025.80 2255.01 2025.80 2400.06 1950.94 2400.06 ballS 0
2052.71 2177.80 2161.50 2177.80 2161.50 2388.36 2052.71 2388.36 ballS 0
2048.03 2467.90 2152.14 2467.90 2152.14 2669.10 2048.03 2669.10 ballS 0
1369.57 3034.06 1445.61 3034.06 1445.61 3176.77 1369.57 3176.77 ballS 0
1378.69 3220.06 1481.75 3220.06 1481.75 3421.84 1378.69 3421.84 ballS 0
1890.82 2935.22 2000.30 2935.22 2000.30 3145.07 1890.82 3145.07 normal 0
1527.37 3038.62 1600.37 3038.62 1600.37 3187.65 1527.37 3187.65 ballS 0
1229.32 3227.19 1338.81 3227.19 1338.81 3418.80 1229.32 3418.80 ballS 0
2061.82 820.81 2179.85 820.81 2179.85 1060.82 2061.82 1060.82 normal 0
833.05 2941.17 951.07 2941.17 951.07 3155.39 833.05 3155.39 normal 0
981.81 2935.22 1093.88 2935.22 1093.88 3151.42 981.81 3151.42 hole 0
844.95 3208.94 956.02 3208.94 956.02 3427.13 844.95 3427.13 normal 0
982.80 3204.98 1095.86 3204.98 1095.86 3423.16 982.80 3423.16 normal 0
2030.09 2927.28 2145.13 2927.28 2145.13 3143.49 2030.09 3143.49 normal 0
1885.29 3206.96 1994.39 3206.96 1994.39 3411.26 1885.29 3411.26 normal 0
2027.12 3199.02 2142.16 3199.02 2142.16 3411.26 2027.12 3411.26 normal 0
1355.70 1915.70 1469.75 1915.70 1469.75 2139.84 1355.70 2139.84 normal 0
1503.47 1915.70 1620.50 1915.70 1620.50 2133.89 1503.47 2133.89 normal 0
1357.68 2201.32 1469.75 2201.32 1469.75 2425.46 1357.68 2425.46 normal 0
1505.45 2201.32 1620.50 2201.32 1620.50 2423.48 1505.45 2423.48 normal 0
2059.61 1124.09 2176.70 1124.09 2176.70 1370.44 2059.61 1370.44 normal 0
