1345.12 396.97 1718.94 396.97 1718.94 768.29 1345.12 768.29 wave 0
979.27 807.32 1101.22 807.32 1101.22 934.15 979.27 934.15 wave 0
1232.54 1057.14 1354.76 1057.14 1354.76 1174.60 1232.54 1174.60 wave 0
1476.68 1300.00 1600.49 1300.00 1600.49 1420.64 1476.68 1420.64 wave 0
1724.60 1055.56 1846.82 1055.56 1846.82 1177.78 1724.60 1177.78 wave 0
1978.57 806.35 2097.62 806.35 2097.62 930.16 1978.57 930.16 wave 0
2233.07 551.61 2354.03 551.61 2354.03 675.81 2233.07 675.81 wave 0
1242.74 1538.71 1357.26 1538.71 1357.26 1653.22 1242.74 1653.22 wave 0
1007.26 1772.58 1123.39 1772.58 1123.39 1883.87 1007.26 1883.87 wave 0
724.55 554.49 846.50 554.49 846.50 681.32 724.55 681.32 wave 0
724.55 554.49 846.50 554.49 846.50 681.32 724.55 681.32 wave 0
2498.14 292.22 2624.53 292.22 2624.53 428.30 2498.14 428.30 wave 0
1721.97 1537.74 1845.78 1537.74 1845.78 1658.37 1721.97 1658.37 wave 0
339.33 2438.62 455.46 2438.62 455.46 2549.91 339.33 2549.91 wave 0
777.68 1997.93 893.81 1997.93 893.81 2109.22 777.68 2109.22 wave 0
551.96 2217.65 667.65 2217.65 667.65 2331.37 551.96 2331.37 wave 0
1371.57 1923.53 1722.55 1923.53 1722.55 2250.98 1371.57 2250.98 wave 0
1962.34 1770.13 2081.37 1770.13 2081.37 1882.35 1962.34 1882.35 wave 0
2190.91 1997.40 2312.99 1997.40 2312.99 2110.39 2190.91 2110.39 wave 0
2424.67 2225.98 2538.96 2225.98 2538.96 2337.66 2424.67 2337.66 wave 0
2648.05 2445.46 2767.53 2445.46 2767.53 2555.84 2648.05 2555.84 wave 0
455.83 300.00 589.17 300.00 589.17 428.33 455.83 428.33 normal 0
188.16 31.58 327.63 31.58 327.63 168.42 188.16 168.42 normal 0
2756.58 10.53 2898.68 10.53 2898.68 152.63 2756.58 152.63 normal 0
