979.27 807.32 1101.22 807.32 1101.22 934.15 979.27 934.15 wave 0
1232.54 1057.14 1354.76 1057.14 1354.76 1174.60 1232.54 1174.60 wave 0
1724.60 1055.56 1846.82 1055.56 1846.82 1177.78 1724.60 1177.78 wave 0
1978.57 806.35 2097.62 806.35 2097.62 930.16 1978.57 930.16 wave 0
2233.07 551.61 2354.03 551.61 2354.03 675.81 2233.07 675.81 wave 0
1962.10 1772.58 2078.23 1772.58 2078.23 1885.48 1962.10 1885.48 wave 0
2197.58 2003.22 2310.48 2003.22 2310.48 2109.68 2197.58 2109.68 wave 0
2425.00 2229.03 2539.51 2229.03 2539.51 2335.48 2425.00 2335.48 wave 0
1007.26 1772.58 1123.39 1772.58 1123.39 1883.87 1007.26 1883.87 wave 0
779.84 2000.00 891.13 2000.00 891.13 2109.68 779.84 2109.68 wave 0
2650.58 2447.64 2765.10 2447.64 2765.10 2554.09 2650.58 2554.09 wave 0
722.37 557.32 855.17 557.32 855.17 691.38 722.37 691.38 wave 0
1962.10 1772.58 2078.23 1772.58 2078.23 1885.48 1962.10 1885.48 wave 0
1721.74 1536.96 1847.83 1536.96 1847.83 1658.70 1721.74 1658.70 wave 0
1406.25 404.69 1662.50 404.69 1662.50 751.56 1406.25 751.56 ballS 0
549.40 2219.05 668.45 2219.05 668.45 2331.75 549.40 2331.75 wave 0
340.48 2434.92 450.00 2434.92 450.00 2550.79 340.48 2550.79 normal 0
1238.89 1536.51 1364.29 1536.51 1364.29 1655.56 1238.89 1655.56 wave 0
1481.74 1298.41 1602.38 1298.41 1602.38 1415.87 1481.74 1415.87 wave 0
2491.27 286.39 2623.02 286.39 2623.02 418.14 2491.27 418.14 wave 0
2757.94 11.11 2894.44 11.11 2894.44 147.62 2757.94 147.62 normal 0
191.27 23.81 323.02 23.81 323.02 166.67 191.27 166.67 normal 0
456.35 298.41 592.86 298.41 592.86 428.57 456.35 428.57 normal 0
