1700.79 914.28 1823.02 914.28 1823.02 1038.10 1700.79 1038.10 wave 0
1702.38 1071.43 1819.84 1071.43 1819.84 1188.89 1702.38 1188.89 wave 0
1699.21 1223.81 1816.67 1223.81 1816.67 1344.44 1699.21 1344.44 wave 0
1697.62 1377.78 1823.87 1377.78 1823.87 1496.59 1697.62 1496.59 wave 0
1702.38 1528.57 1818.38 1528.57 1818.38 1641.18 1702.38 1641.18 wave 0
2000.79 912.70 2118.26 912.70 2118.26 1031.75 2000.79 1031.75 wave 0
1994.45 1068.25 2115.08 1068.25 2115.08 1188.89 1994.45 1188.89 wave 0
1992.86 1223.81 2111.90 1223.81 2111.90 1341.27 1992.86 1341.27 wave 0
1992.94 1374.12 2109.41 1374.12 2109.41 1492.94 1992.94 1492.94 wave 0
1988.24 1529.41 2105.88 1529.41 2105.88 1637.65 1988.24 1637.65 wave 0
1983.53 1672.94 2103.53 1672.94 2103.53 1785.88 1983.53 1785.88 wave 0
1108.09 914.70 1228.68 914.70 1228.68 1036.76 1108.09 1036.76 wave 0
1113.97 1072.06 1230.15 1072.06 1230.15 1189.70 1113.97 1189.70 wave 0
1115.44 1227.94 1234.56 1227.94 1234.56 1342.65 1115.44 1342.65 wave 0
1119.85 1379.41 1237.50 1379.41 1237.50 1492.65 1119.85 1492.65 wave 0
1122.80 1523.53 1237.50 1523.53 1237.50 1638.24 1122.80 1638.24 wave 0
1128.67 1675.00 1244.85 1675.00 1244.85 1783.82 1128.67 1783.82 wave 0
1697.79 1672.06 1816.91 1672.06 1816.91 1786.76 1697.79 1786.76 wave 0
1405.15 914.70 1525.73 914.70 1525.73 1035.30 1405.15 1035.30 wave 0
1406.62 1070.59 1527.21 1070.59 1527.21 1189.70 1406.62 1189.70 wave 0
1406.62 1226.47 1525.73 1226.47 1525.73 1339.70 1406.62 1339.70 wave 0
838.91 1670.46 957.95 1670.46 957.95 1790.91 838.91 1790.91 wave 0
831.82 1523.86 955.68 1523.86 955.68 1645.46 831.82 1645.46 wave 0
831.82 1523.86 955.68 1523.86 955.68 1645.46 831.82 1645.46 wave 0
832.96 1377.27 954.55 1377.27 954.55 1496.59 832.96 1496.59 wave 0
832.96 1377.27 954.55 1377.27 954.55 1496.59 832.96 1496.59 wave 0
815.58 916.88 935.06 916.88 935.06 1036.36 815.58 1036.36 wave 0
818.18 1070.13 937.66 1070.13 937.66 1190.91 818.18 1190.91 wave 0
825.97 1223.38 944.16 1223.38 944.16 1345.46 825.97 1345.46 wave 0
1408.64 1374.08 1527.16 1374.08 1527.16 1492.59 1408.64 1492.59 wave 0
