377.18 469.56 529.35 469.56 529.35 630.44 377.18 630.44 ballS 0
383.70 697.83 533.70 697.83 533.70 843.48 383.70 843.48 ballS 0
388.04 921.74 535.87 921.74 535.87 1063.04 388.04 1063.04 ballS 0
2466.30 495.65 2609.78 495.65 2609.78 641.30 2466.30 641.30 ballS 0
2792.39 497.83 2944.57 497.83 2944.57 647.83 2792.39 647.83 ballS 0
2453.26 719.56 2609.78 719.56 2609.78 869.56 2453.26 869.56 ballS 0
2781.52 721.74 2938.04 721.74 2938.04 873.91 2781.52 873.91 ballS 0
2446.74 945.65 2588.04 945.65 2588.04 1084.78 2446.74 1084.78 ballS 0
2777.18 945.65 2918.48 945.65 2918.48 1091.30 2777.18 1091.30 ballS 0
438.04 2678.26 591.94 2678.26 591.94 2824.19 438.04 2824.19 ballS 0
444.56 2865.22 584.69 2865.22 584.69 3004.08 444.56 3004.08 ballS 0
453.26 3060.87 585.87 3060.87 585.87 3180.44 453.26 3180.44 ballS 0
2372.83 2691.30 2503.26 2691.30 2503.26 2813.04 2372.83 2813.04 ballS 0
2670.65 2686.96 2807.61 2686.96 2807.61 2808.70 2670.65 2808.70 ballS 0
2359.78 2880.44 2490.22 2880.44 2490.22 3004.35 2359.78 3004.35 ballS 0
2655.43 2873.91 2792.39 2873.91 2792.39 3008.70 2655.43 3008.70 ballS 0
2344.57 3065.22 2477.18 3065.22 2477.18 3178.26 2344.57 3178.26 ballS 0
2653.26 3067.39 2779.35 3067.39 2779.35 3180.44 2653.26 3180.44 ballS 0
1325.14 2036.32 1479.03 2036.32 1479.03 2182.26 1325.14 2182.26 hole 0
1325.14 2036.32 1479.03 2036.32 1479.03 2182.26 1325.14 2182.26 ballS 0
1328.37 1836.32 1482.26 1836.32 1482.26 1982.26 1328.37 1982.26 ballS 0
1328.37 1626.65 1479.03 1626.65 1479.03 1779.03 1328.37 1779.03 ballS 0
