2342.06 2958.73 2440.48 2958.73 2440.48 3230.16 2342.06 3230.16 hole 0
2656.35 2661.90 2756.15 2661.90 2756.15 2924.62 2656.35 2924.62 ballS 0
2559.53 2957.14 2661.11 2957.14 2661.11 3231.75 2559.53 3231.75 hole 0
1656.40 1873.02 1748.46 1873.02 1748.46 2130.16 1656.40 2130.16 hole 0
1237.94 1873.02 1333.85 1873.02 1333.85 2133.85 1237.94 2133.85 hole 0
1237.94 1873.02 1333.85 1873.02 1333.85 2133.85 1237.94 2133.85 hole 0
2707.69 905.56 2806.48 905.56 2806.48 1140.00 2707.69 1140.00 hole 0
2507.14 906.49 2596.10 906.49 2596.10 1131.75 2507.14 1131.75 ballS 0
2313.33 1099.19 2395.12 1099.19 2395.12 1126.80 2313.33 1126.80 hole 0
1449.35 1879.22 1540.26 1879.22 1540.26 2124.68 1449.35 2124.68 hole 0
2773.08 2966.15 2873.08 2966.15 2873.08 3236.92 2773.08 3236.92 ballS 0
