210.97 865.85 306.10 865.85 306.10 1097.56 210.97 1097.56 ballS 0
406.10 863.42 506.10 863.42 506.10 1097.56 406.10 1097.56 ballS 0
613.42 865.85 713.41 865.85 713.41 1102.44 613.42 1102.44 ballS 0
2713.42 897.56 2801.22 897.56 2801.22 1131.71 2713.42 1131.71 hole 0
2510.98 895.12 2601.22 895.12 2601.22 1131.71 2510.98 1131.71 hole 0
1664.63 1880.49 1750.00 1880.49 1750.00 2129.27 1664.63 2129.27 ballS 0
1447.56 1873.17 1545.12 1873.17 1545.12 2129.27 1447.56 2129.27 ballS 0
1235.37 1873.17 1328.05 1873.17 1328.05 2121.95 1235.37 2121.95 hole 0
1557.32 1597.56 1647.56 1597.56 1647.56 1839.02 1557.32 1839.02 hole 0
2662.19 2665.85 2769.51 2665.85 2769.51 2929.27 2662.19 2929.27 ballS 0
2340.24 2956.10 2442.68 2956.10 2442.68 3234.15 2340.24 3234.15 ballS 0
2559.76 2956.10 2659.75 2956.10 2659.75 3239.02 2559.76 3239.02 ballS 0
2442.68 2663.42 2545.12 2663.42 2545.12 2931.71 2442.68 2931.71 hole 0
2308.54 887.80 2410.98 887.80 2410.98 1131.71 2308.54 1131.71 hole 0
1352.44 1595.12 1435.37 1595.12 1435.37 1843.90 1352.44 1843.90 hole 0
203.57 2627.14 310.71 2627.14 310.71 2900.00 203.57 2900.00 hole 0
415.00 2627.14 520.71 2627.14 520.71 2904.28 415.00 2904.28 hole 0
526.62 603.59 626.62 603.59 626.62 840.18 526.62 840.18 hole 0
322.85 603.59 422.85 603.59 422.85 840.18 322.85 840.18 hole 0
322.85 603.59 422.85 603.59 422.85 840.18 322.85 840.18 hole 0
2402.09 631.89 2502.09 631.89 2502.09 868.48 2402.09 868.48 hole 0
2605.66 626.42 2698.32 626.42 2698.32 870.36 2605.66 870.36 hole 0
509.78 2932.61 616.31 2932.61 616.31 3217.39 509.78 3217.39 hole 0
296.74 2934.78 405.43 2934.78 405.43 3213.04 296.74 3213.04 hole 0
72.83 2923.91 192.39 2923.91 192.39 3204.35 72.83 3204.35 hole 0
