1072.14 2560.00 1175.33 2560.00 1175.33 3216.88 1072.14 3216.88 ballS 0
1915.00 2570.00 2005.00 2570.00 2005.00 3225.72 1915.00 3225.72 ballS 0
2125.00 2574.28 2223.57 2574.28 2223.57 3231.43 2125.00 3231.43 ballS 0
2340.71 2575.72 2446.43 2575.72 2446.43 3235.72 2340.71 3235.72 ballS 0
2553.57 2575.72 2657.86 2575.72 2657.86 3234.28 2553.57 3234.28 ballS 0
2766.43 2581.43 2875.00 2581.43 2875.00 3238.57 2766.43 3238.57 ballS 0
2507.86 635.72 2599.29 635.72 2599.29 1208.57 2507.86 1208.57 ballS 0
2702.14 647.14 2805.00 647.14 2805.00 1212.86 2702.14 1212.86 ballS 0
1918.87 1566.04 2013.08 1566.04 2013.08 2181.54 1918.87 2181.54 ballS 0
1715.85 1558.54 1803.66 1558.54 1803.66 2170.73 1715.85 2170.73 ballS 0
1508.33 1564.82 1591.67 1564.82 1591.67 2164.82 1508.33 2164.82 ballS 0
