42.35 395.30 198.82 395.30 198.82 558.82 42.35 558.82 hole 0
382.35 397.65 535.29 397.65 535.29 554.12 382.35 554.12 hole 0
55.29 620.00 207.06 620.00 207.06 777.65 55.29 777.65 hole 0
390.59 618.82 543.53 618.82 543.53 772.94 390.59 772.94 hole 0
65.88 840.00 216.47 840.00 216.47 995.30 65.88 995.30 hole 0
402.35 842.35 554.12 842.35 554.12 992.94 402.35 992.94 hole 0
2783.53 405.88 2934.12 405.88 2934.12 561.18 2783.53 561.18 hole 0
2762.70 846.03 2913.49 846.03 2913.49 996.82 2762.70 996.82 hole 0
2648.25 2943.86 2783.33 2943.86 2783.33 3071.93 2648.25 3071.93 hole 0
2667.54 2578.95 2814.91 2578.95 2814.91 2710.53 2667.54 2710.53 hole 0
2660.53 2763.16 2804.39 2763.16 2804.39 2891.23 2660.53 2891.23 hole 0
2346.97 2946.97 2492.42 2946.97 2492.42 3080.30 2346.97 3080.30 hole 0
2457.72 399.43 2608.31 399.43 2608.31 554.72 2457.72 554.72 hole 0
2457.72 399.43 2608.31 399.43 2608.31 554.72 2457.72 554.72 hole 0
2780.30 628.46 2930.89 628.46 2930.89 783.76 2780.30 783.76 hole 0
157.72 2570.40 301.61 2570.40 301.61 2711.29 157.72 2711.29 hole 0
167.40 2754.27 311.29 2754.27 311.29 2895.16 167.40 2895.16 normal 0
185.48 2940.32 317.74 2940.32 317.74 3075.81 185.48 3075.81 hole 0
468.48 2569.56 616.31 2569.56 616.31 2704.35 468.48 2704.35 normal 0
479.35 2756.52 622.83 2756.52 622.83 2895.65 479.35 2895.65 normal 0
485.87 2936.96 627.17 2936.96 627.17 3076.09 485.87 3076.09 normal 0
2364.13 2580.44 2511.96 2580.44 2511.96 2710.87 2364.13 2710.87 normal 0
2353.26 2763.04 2505.43 2763.04 2505.43 2893.48 2353.26 2893.48 normal 0
2442.39 626.09 2598.91 626.09 2598.91 780.44 2442.39 780.44 normal 0
2431.52 847.83 2594.57 847.83 2594.57 997.83 2431.52 997.83 normal 0
