1434.21 759.65 1578.07 759.65 1578.07 910.53 1434.21 910.53 ballS 0
1428.95 954.38 1574.56 954.38 1574.56 1103.51 1428.95 1103.51 hole 0
1430.70 1143.86 1576.32 1143.86 1576.32 1289.47 1430.70 1289.47 ballS 0
1432.45 1333.33 1574.56 1333.33 1574.56 1475.44 1432.45 1475.44 ballS 0
2155.26 1342.10 2300.88 1342.10 2300.88 1485.96 2155.26 1485.96 ballL 0
2351.75 1159.65 2492.11 1159.65 2492.11 1301.76 2351.75 1301.76 ballL 0
2546.49 968.42 2693.86 968.42 2693.86 1121.05 2546.49 1121.05 ballL 0
2744.74 782.46 2892.11 782.46 2892.11 931.58 2744.74 931.58 ballL 0
2132.46 2056.14 2274.56 2056.14 2274.56 2196.49 2132.46 2196.49 hole 0
2318.42 2056.14 2457.02 2056.14 2457.02 2191.23 2318.42 2191.23 ballS 0
2493.86 2057.90 2635.96 2057.90 2635.96 2198.24 2493.86 2198.24 ballL 0
2674.56 2057.90 2816.67 2057.90 2816.67 2200.00 2674.56 2200.00 ballL 0
2100.88 2728.07 2244.74 2728.07 2244.74 2863.16 2100.88 2863.16 hole 0
2276.32 2901.76 2414.91 2901.76 2414.91 3035.09 2276.32 3035.09 ballS 0
2444.74 3066.67 2588.59 3066.67 2588.59 3200.00 2444.74 3200.00 ballL 0
2611.40 3236.84 2746.49 3236.84 2746.49 3363.16 2611.40 3363.16 ballL 0
1411.40 3228.51 1546.49 3228.51 1546.49 3354.82 1411.40 3354.82 hole 0
1428.07 3161.40 1538.60 3161.40 1538.60 3186.84 1428.07 3186.84 hole 0
