293.94 3283.33 445.46 3283.33 445.46 3419.70 293.94 3419.70 hole 0
236.36 722.73 381.82 722.73 381.82 871.21 236.36 871.21 hole 0
230.70 940.35 385.09 940.35 385.09 1101.76 230.70 1101.76 normal 0
237.72 1159.65 393.86 1159.65 393.86 1317.54 237.72 1317.54 normal 0
571.05 724.56 732.46 724.56 732.46 884.21 571.05 884.21 normal 0
581.58 943.86 728.95 943.86 728.95 1100.00 581.58 1100.00 normal 0
583.33 1161.40 732.46 1161.40 732.46 1322.81 583.33 1322.81 normal 0
2306.14 752.63 2457.02 752.63 2457.02 905.26 2306.14 905.26 normal 0
2635.96 754.38 2788.60 754.38 2788.60 912.28 2635.96 912.28 normal 0
2293.86 970.18 2453.51 970.18 2453.51 1124.56 2293.86 1124.56 normal 0
2623.68 975.44 2781.58 975.44 2781.58 1126.32 2623.68 1126.32 normal 0
2611.40 1191.23 2764.03 1191.23 2764.03 1343.86 2611.40 1343.86 normal 0
2286.84 1189.47 2437.72 1189.47 2437.72 1335.09 2286.84 1335.09 normal 0
1176.32 1866.67 1321.93 1866.67 1321.93 2012.28 1176.32 2012.28 normal 0
1504.39 1871.93 1650.00 1871.93 1650.00 2017.54 1504.39 2017.54 normal 0
1172.81 2068.42 1320.17 2068.42 1320.17 2215.79 1172.81 2215.79 normal 0
1500.88 2077.19 1648.24 2077.19 1648.24 2219.30 1500.88 2219.30 normal 0
1174.56 2271.93 1320.17 2271.93 1320.17 2419.30 1174.56 2419.30 normal 0
1495.61 2282.46 1639.47 2282.46 1639.47 2421.05 1495.61 2421.05 normal 0
286.84 2908.77 434.21 2908.77 434.21 3050.88 286.84 3050.88 normal 0
290.35 3098.24 432.46 3098.24 432.46 3231.58 290.35 3231.58 normal 0
609.65 2915.79 755.26 2915.79 755.26 3049.12 609.65 3049.12 normal 0
611.40 3101.76 757.02 3101.76 757.02 3238.60 611.40 3238.60 normal 0
613.16 3289.47 751.75 3289.47 751.75 3419.30 613.16 3419.30 normal 0
2214.91 2940.35 2360.53 2940.35 2360.53 3075.44 2214.91 3075.44 normal 0
2206.14 3122.81 2350.00 3122.81 2350.00 3261.40 2206.14 3261.40 normal 0
2202.63 3315.79 2344.74 3315.79 2344.74 3445.62 2202.63 3445.62 normal 0
2586.11 3317.54 2653.51 3317.54 2653.51 3433.33 2586.11 3433.33 hole 0
2507.89 3131.58 2665.79 3131.58 2665.79 3268.42 2507.89 3268.42 normal 0
2525.44 2949.12 2665.79 2949.12 2665.79 3073.68 2525.44 3073.68 normal 0
