579.35 695.65 744.56 695.65 744.56 891.30 579.35 891.30 ballL 0
240.41 917.39 392.39 917.39 392.39 1093.15 240.41 1093.15 ballL 0
240.22 1139.13 396.74 1139.13 396.74 1313.04 240.22 1313.04 ballL 0
577.17 923.91 733.70 923.91 733.70 1102.17 577.17 1102.17 ballS 0
585.87 1143.48 738.04 1143.48 738.04 1315.22 585.87 1315.22 ballL 0
2279.35 1169.56 2451.09 1169.56 2451.09 1341.30 2279.35 1341.30 ballL 0
1175.00 1852.17 1328.87 1852.17 1328.87 1995.78 1175.00 1995.78 ballS 0
1501.09 1852.17 1653.26 1852.17 1653.26 2013.04 1501.09 2013.04 ballS 0
1175.00 2277.14 1322.14 2277.14 1322.14 2423.91 1175.00 2423.91 hole 0
1494.56 2283.67 1627.55 2283.67 1627.55 2393.88 1494.56 2393.88 hole 0
289.54 2905.63 420.42 2905.63 420.42 3053.57 289.54 3053.57 ballS 0
622.60 2927.40 714.38 2927.40 714.38 3024.66 622.60 3024.66 hole 0
295.21 3093.15 417.12 3093.15 417.12 3224.66 295.21 3224.66 hole 0
232.19 698.63 380.14 698.63 380.14 868.49 232.19 868.49 ballL 0
2300.68 961.64 2458.22 961.64 2458.22 1117.81 2300.68 1117.81 ballS 0
2308.90 738.36 2463.70 738.36 2463.70 894.52 2308.90 894.52 ballL 0
2641.78 745.20 2802.05 745.20 2802.05 912.33 2641.78 912.33 ballL 0
2628.08 963.01 2789.73 963.01 2789.73 1126.03 2628.08 1126.03 ballL 0
2614.38 1179.45 2781.51 1179.45 2781.51 1341.10 2614.38 1341.10 ballL 0
619.01 3284.51 752.82 3284.51 752.82 3422.54 619.01 3422.54 ballS 0
302.11 3285.92 431.69 3285.92 431.69 3411.27 302.11 3411.27 ballL 0
2220.42 2929.58 2368.31 2929.58 2368.31 3071.83 2220.42 3071.83 ballS 0
2534.51 2936.62 2671.13 2936.62 2671.13 3064.79 2534.51 3064.79 ballS 0
2517.61 3125.35 2664.08 3125.35 2664.08 3264.79 2517.61 3264.79 ballS 0
2207.74 3314.08 2345.78 3314.08 2345.78 3436.62 2207.74 3436.62 ballL 0
2513.38 3316.90 2650.00 3316.90 2650.00 3445.07 2513.38 3445.07 ballL 0
