98.48 446.97 253.03 446.97 253.03 601.52 98.48 601.52 hole 0
1414.91 445.62 1564.03 445.62 1564.03 598.24 1414.91 598.24 normal 0
1413.16 642.10 1560.53 642.10 1560.53 787.72 1413.16 787.72 normal 0
1409.65 831.58 1565.79 831.58 1565.79 984.21 1409.65 984.21 normal 0
1414.91 1019.30 1560.53 1019.30 1560.53 1168.42 1414.91 1168.42 normal 0
492.10 833.33 641.23 833.33 641.23 984.21 492.10 984.21 normal 0
690.35 1024.56 830.70 1024.56 830.70 1164.91 690.35 1164.91 normal 0
2146.49 1035.09 2288.60 1035.09 2288.60 1168.42 2146.49 1168.42 normal 0
2334.21 833.33 2478.07 833.33 2478.07 980.70 2334.21 980.70 normal 0
534.21 1735.09 665.79 1735.09 665.79 1870.18 534.21 1870.18 normal 0
714.91 1735.09 850.00 1735.09 850.00 1871.93 714.91 1871.93 normal 0
1423.68 1742.10 1557.02 1742.10 1557.02 1871.93 1423.68 1871.93 normal 0
1583.33 1900.00 1720.18 1900.00 1720.18 2029.82 1583.33 2029.82 normal 0
1585.09 1585.96 1721.93 1585.96 1721.93 1712.28 1585.09 1712.28 normal 0
2128.95 1747.37 2258.77 1747.37 2258.77 1868.42 2128.95 1868.42 normal 0
2306.14 1750.88 2435.96 1750.88 2435.96 1870.18 2306.14 1870.18 normal 0
2493.86 1750.88 2616.67 1750.88 2616.67 1870.18 2493.86 1870.18 normal 0
2669.30 1750.88 2799.12 1750.88 2799.12 1877.19 2669.30 1877.19 normal 0
2100.88 2410.53 2235.97 2410.53 2235.97 2533.33 2100.88 2533.33 normal 0
2272.81 2575.44 2406.14 2575.44 2406.14 2701.76 2272.81 2701.76 normal 0
2439.47 2740.35 2572.81 2740.35 2572.81 2866.67 2439.47 2866.67 normal 0
2606.14 2901.76 2739.47 2901.76 2739.47 3029.82 2606.14 3029.82 normal 0
1421.93 2408.77 1551.75 2408.77 1551.75 2533.33 1421.93 2533.33 normal 0
1416.67 2570.18 1550.00 2570.18 1550.00 2694.74 1416.67 2694.74 normal 0
1418.42 2740.35 1551.75 2740.35 1551.75 2861.40 1418.42 2861.40 normal 0
1425.44 2900.00 1553.51 2900.00 1553.51 3022.81 1425.44 3022.81 normal 0
735.97 2405.26 865.79 2405.26 865.79 2536.84 735.97 2536.84 normal 0
560.53 2568.42 695.61 2568.42 695.61 2700.00 560.53 2700.00 normal 0
395.61 2729.82 528.95 2729.82 528.95 2859.65 395.61 2859.65 normal 0
230.95 2893.65 361.11 2893.65 361.11 3020.64 230.95 3020.64 normal 0
294.44 647.62 450.00 647.62 450.00 793.65 294.44 793.65 normal 0
2526.19 653.97 2676.98 653.97 2676.98 804.76 2526.19 804.76 normal 0
2726.19 453.97 2880.16 453.97 2880.16 614.28 2726.19 614.28 normal 0
