364.71 711.76 566.67 711.76 566.67 901.96 364.71 901.96 hole 0
484.31 825.49 686.27 825.49 686.27 1033.33 484.31 1033.33 ballL 0
600.00 943.14 803.92 943.14 803.92 1150.98 600.00 1150.98 hole 0
735.29 1070.59 931.37 1070.59 931.37 1272.55 735.29 1272.55 ballS 0
82.35 1723.53 254.90 1723.53 254.90 1896.08 82.35 1896.08 ballL 0
262.75 1713.72 460.79 1713.72 460.79 1909.80 262.75 1909.80 ballL 0
458.04 1721.17 640.16 1721.17 640.16 1903.94 458.04 1903.94 ballS 0
1231.74 1550.58 1408.22 1550.58 1408.22 1734.89 1231.74 1734.89 ballS 0
1400.42 1714.47 1585.04 1714.47 1585.04 1899.21 1400.42 1899.21 ballS 0
1392.16 562.74 1590.19 562.74 1590.19 758.82 1392.16 758.82 hole 0
1384.31 754.90 1590.19 754.90 1590.19 960.78 1384.31 960.78 hole 0
1392.16 964.70 1586.27 964.70 1586.27 1150.98 1392.16 1150.98 ballS 0
2178.43 954.90 2382.35 954.90 2382.35 1150.98 2178.43 1150.98 hole 0
2301.96 837.26 2498.04 837.26 2498.04 1037.26 2301.96 1037.26 hole 0
2150.98 1723.53 2333.33 1723.53 2333.33 1903.92 2150.98 1903.92 ballS 0
2327.45 1727.45 2521.57 1727.45 2521.57 1905.88 2327.45 1905.88 hole 0
2529.41 1725.49 2715.69 1725.49 2715.69 1901.96 2529.41 1901.96 hole 0
2719.61 1727.45 2900.00 1727.45 2900.00 1909.80 2719.61 1909.80 ballL 0
1234.43 1880.52 1411.02 1880.52 1411.02 2058.27 1234.43 2058.27 ballS 0
2606.12 2912.24 2740.82 2912.24 2740.82 3038.78 2606.12 3038.78 ballS 0
335.56 2751.11 522.22 2751.11 522.22 2920.00 335.56 2920.00 ballL 0
644.88 1723.62 820.47 1723.62 820.47 1896.06 644.88 1896.06 ballL 0
1581.89 1561.42 1758.27 1561.42 1758.27 1738.58 1581.89 1738.58 ballS 0
1566.14 1887.40 1749.61 1887.40 1749.61 2059.06 1566.14 2059.06 ballS 0
221.01 2904.35 360.14 2904.35 360.14 3034.78 221.01 3034.78 ballL 0
101.47 455.88 212.07 455.88 212.07 566.96 101.47 566.96 hole 0
232.47 593.51 436.37 593.51 436.37 788.31 232.47 788.31 hole 0
442.86 2638.96 625.97 2638.96 625.97 2820.78 442.86 2820.78 hole 0
2228.12 2537.50 2426.04 2537.50 2426.04 2731.25 2228.12 2731.25 hole 0
2550.00 600.00 2742.46 600.00 2742.46 795.00 2550.00 795.00 hole 0
2741.38 458.62 2893.10 458.62 2893.10 603.45 2741.38 603.45 hole 0
2517.50 2755.56 2635.71 2755.56 2635.71 2890.00 2517.50 2890.00 hole 0
538.89 2544.44 735.71 2544.44 735.71 2717.46 538.89 2717.46 hole 0
657.94 2434.92 838.89 2434.92 838.89 2609.52 657.94 2609.52 hole 0
1399.21 384.13 1599.21 384.13 1599.21 553.97 1399.21 553.97 hole 0
2418.26 701.59 2627.78 701.59 2627.78 915.87 2418.26 915.87 hole 0
2142.50 2445.00 2304.17 2445.00 2304.17 2611.67 2142.50 2611.67 hole 0
