364.71 711.76 566.67 711.76 566.67 901.96 364.71 901.96 hole 0
484.31 825.49 686.27 825.49 686.27 1033.33 484.31 1033.33 hole 0
600.00 943.14 803.92 943.14 803.92 1150.98 600.00 1150.98 hole 0
735.29 1070.59 931.37 1070.59 931.37 1272.55 735.29 1272.55 hole 0
82.35 1723.53 254.90 1723.53 254.90 1896.08 82.35 1896.08 ballL 0
262.75 1713.72 460.79 1713.72 460.79 1909.80 262.75 1909.80 hole 0
458.04 1721.17 640.16 1721.17 640.16 1903.94 458.04 1903.94 hole 0
2052.94 1076.47 2249.02 1076.47 2249.02 1266.67 2052.94 1266.67 hole 0
2327.45 1727.45 2521.57 1727.45 2521.57 1905.88 2327.45 1905.88 hole 0
2529.41 1725.49 2715.69 1725.49 2715.69 1901.96 2529.41 1901.96 hole 0
2719.61 1727.45 2900.00 1727.45 2900.00 1909.80 2719.61 1909.80 hole 0
2606.12 2912.24 2740.82 2912.24 2740.82 3038.78 2606.12 3038.78 ballL 0
2241.22 2532.28 2416.67 2532.28 2416.67 2710.53 2241.22 2710.53 hole 0
335.56 2751.11 522.22 2751.11 522.22 2920.00 335.56 2920.00 ballS 0
644.88 1723.62 820.47 1723.62 820.47 1896.06 644.88 1896.06 hole 0
221.01 2904.35 360.14 2904.35 360.14 3034.78 221.01 3034.78 ballL 0
232.47 590.28 436.37 590.28 436.37 785.08 232.47 785.08 hole 0
442.86 2638.96 625.97 2638.96 625.97 2820.78 442.86 2820.78 hole 0
541.23 2542.10 730.70 2542.10 730.70 2719.30 541.23 2719.30 hole 0
653.51 2436.84 842.98 2436.84 842.98 2621.05 653.51 2621.05 hole 0
2127.55 2438.78 2319.39 2438.78 2319.39 2616.33 2127.55 2616.33 hole 0
116.00 448.00 244.45 448.00 244.45 568.06 116.00 568.06 hole 0
1398.52 766.83 1593.65 766.83 1593.65 971.43 1398.52 971.43 hole 0
2303.28 830.32 2498.41 830.32 2498.41 1034.92 2303.28 1034.92 hole 0
1396.10 377.92 1598.70 377.92 1598.70 562.34 1396.10 562.34 hole 0
1390.91 562.34 1598.70 562.34 1598.70 764.94 1390.91 764.94 hole 0
2618.94 636.36 2740.15 636.36 2740.15 778.79 2618.94 778.79 hole 0
2759.31 457.58 2897.73 457.58 2897.73 591.12 2759.31 591.12 hole 0
2174.03 950.65 2377.92 950.65 2377.92 1155.84 2174.03 1155.84 normal 0
1237.66 1559.74 1409.09 1559.74 1409.09 1740.26 1237.66 1740.26 normal 0
1570.13 1562.34 1751.95 1562.34 1751.95 1735.06 1570.13 1735.06 normal 0
1402.60 1722.08 1580.52 1722.08 1580.52 1896.10 1402.60 1896.10 normal 0
1574.03 1881.82 1744.16 1881.82 1744.16 2054.54 1574.03 2054.54 normal 0
1235.06 1876.62 1415.58 1876.62 1415.58 2061.04 1235.06 2061.04 normal 0
777.08 2329.17 942.36 2329.17 942.36 2515.28 777.08 2515.28 normal 0
2021.53 2334.72 2196.53 2334.72 2196.53 2505.56 2021.53 2505.56 normal 0
1397.92 2431.94 1585.42 2431.94 1585.42 2609.72 1397.92 2609.72 normal 0
2381.50 2669.07 2498.44 2669.07 2498.44 2798.44 2381.50 2798.44 hole 0
