364.71 711.76 566.67 711.76 566.67 901.96 364.71 901.96 hole 0
484.31 825.49 686.27 825.49 686.27 1033.33 484.31 1033.33 hole 0
600.00 943.14 803.92 943.14 803.92 1150.98 600.00 1150.98 hole 0
82.35 1723.53 254.90 1723.53 254.90 1896.08 82.35 1896.08 ballL 0
262.75 1713.72 460.79 1713.72 460.79 1909.80 262.75 1909.80 hole 0
458.04 1721.17 640.16 1721.17 640.16 1903.94 458.04 1903.94 hole 0
2327.45 1727.45 2521.57 1727.45 2521.57 1905.88 2327.45 1905.88 hole 0
2529.41 1725.49 2715.69 1725.49 2715.69 1901.96 2529.41 1901.96 hole 0
2719.61 1727.45 2900.00 1727.45 2900.00 1909.80 2719.61 1909.80 hole 0
2606.12 2912.24 2740.82 2912.24 2740.82 3038.78 2606.12 3038.78 ballS 0
2241.22 2532.28 2416.67 2532.28 2416.67 2710.53 2241.22 2710.53 hole 0
335.56 2751.11 522.22 2751.11 522.22 2920.00 335.56 2920.00 ballS 0
442.86 2638.96 625.97 2638.96 625.97 2820.78 442.86 2820.78 hole 0
541.23 2542.10 730.70 2542.10 730.70 2719.30 541.23 2719.30 hole 0
653.51 2436.84 842.98 2436.84 842.98 2621.05 653.51 2621.05 hole 0
107.54 456.16 222.02 456.16 222.02 582.07 107.54 582.07 hole 0
262.33 626.03 396.41 626.03 396.41 747.01 262.33 747.01 hole 0
1386.84 559.65 1599.12 559.65 1599.12 759.65 1386.84 759.65 normal 0
1390.35 761.40 1590.35 761.40 1590.35 963.16 1390.35 963.16 normal 0
1386.84 963.16 1581.58 963.16 1581.58 1157.90 1386.84 1157.90 normal 0
2737.72 452.63 2902.63 452.63 2902.63 608.77 2737.72 608.77 normal 0
2546.49 587.72 2751.75 587.72 2751.75 791.23 2546.49 791.23 normal 0
2425.44 703.51 2623.68 703.51 2623.68 917.54 2425.44 917.54 normal 0
2299.12 826.32 2500.88 826.32 2500.88 1036.84 2299.12 1036.84 normal 0
2171.05 957.90 2371.05 957.90 2371.05 1149.12 2171.05 1149.12 normal 0
1572.81 1554.38 1758.77 1554.38 1758.77 1736.84 1572.81 1736.84 normal 0
1234.21 1550.88 1407.89 1550.88 1407.89 1731.58 1234.21 1731.58 normal 0
1571.05 1884.21 1755.26 1884.21 1755.26 2061.40 1571.05 2061.40 normal 0
1232.46 1878.95 1421.93 1878.95 1421.93 2063.16 1232.46 2063.16 normal 0
774.56 2333.33 953.51 2333.33 953.51 2503.51 774.56 2503.51 normal 0
2137.86 2438.60 2309.65 2438.60 2309.65 2597.14 2137.86 2597.14 hole 0
2493.57 2780.00 2605.84 2780.00 2605.84 2886.64 2493.57 2886.64 hole 0
226.52 2910.61 352.27 2910.61 352.27 3028.79 226.52 3028.79 ballL 0
