2670.63 786.01 2795.80 786.01 2795.80 906.99 2670.63 906.99 wave 0
2248.05 628.57 2375.32 628.57 2375.32 748.05 2248.05 748.05 normal 0
2105.20 779.22 2235.07 779.22 2235.07 901.30 2105.20 901.30 normal 0
2389.61 783.12 2519.48 783.12 2519.48 900.00 2389.61 900.00 normal 0
2529.87 633.77 2653.25 633.77 2653.25 751.95 2529.87 751.95 normal 0
688.63 3066.67 834.09 3066.67 834.09 3210.61 688.63 3210.61 normal 0
2275.00 2911.00 2420.00 2911.00 2420.00 3056.00 2275.00 3056.00 normal 0
2125.00 3083.00 2265.00 3083.00 2265.00 3231.00 2125.00 3231.00 normal 0
2427.00 3088.00 2574.00 3088.00 2574.00 3230.00 2427.00 3230.00 normal 0
2575.00 2916.00 2720.00 2916.00 2720.00 3060.00 2575.00 3060.00 normal 0
2732.00 3089.00 2873.00 3089.00 2873.00 3239.00 2732.00 3239.00 normal 0
