2464.29 2487.86 2578.57 2487.86 2578.57 3136.43 2464.29 3136.43 ballS 0
2253.21 2485.72 2353.22 2485.72 2353.22 3131.43 2253.21 3131.43 ballS 0
715.71 2465.72 841.43 2465.72 841.43 3120.00 715.71 3120.00 ballS 0
941.43 2468.57 1052.86 2468.57 1052.86 3125.72 941.43 3125.72 ballS 0
1155.71 2474.28 1255.71 2474.28 1255.71 3125.72 1155.71 3125.72 ballS 0
1827.14 2480.00 1918.57 2480.00 1918.57 3128.57 1827.14 3128.57 ballS 0
2038.57 2477.14 2138.57 2477.14 2138.57 3125.72 2038.57 3125.72 ballS 0
1918.57 1562.86 2004.29 1562.86 2004.29 2174.28 1918.57 2174.28 ballS 0
1718.75 1562.50 1802.08 1562.50 1802.08 2168.06 1718.75 2168.06 hole 0
1503.13 1560.50 1597.31 1560.50 1597.31 2164.58 1503.13 2164.58 hole 0
1296.69 1557.11 1380.03 1557.11 1380.03 2162.67 1296.69 2162.67 hole 0
1086.36 1558.44 1181.82 1558.44 1181.82 2162.06 1086.36 2162.06 hole 0
1197.92 697.56 1285.88 697.56 1285.88 952.94 1197.92 952.94 ballS 0
2240.14 706.67 2320.19 706.67 2320.19 1271.15 2240.14 1271.15 ballS 0
1000.08 692.17 1085.88 692.17 1085.88 1017.65 1000.08 1017.65 ballS 0
2431.25 708.89 2522.12 708.89 2522.12 1273.08 2431.25 1273.08 ballS 0
2030.62 696.67 2108.77 696.67 2108.77 977.19 2030.62 977.19 ballS 0
1823.69 698.70 1903.53 698.70 1903.53 964.70 1823.69 964.70 ballS 0
2618.75 705.00 2721.25 705.00 2721.25 1280.00 2618.75 1280.00 ballS 0
2678.75 2480.00 2786.25 2480.00 2786.25 3135.00 2678.75 3135.00 ballS 0
1829.41 976.47 1909.41 976.47 1909.41 1256.47 1829.41 1256.47 hole 0
1202.35 968.24 1282.35 968.24 1282.35 1247.06 1202.35 1247.06 hole 0
996.47 1023.53 1081.18 1023.53 1081.18 1263.53 996.47 1263.53 hole 0
2032.45 986.84 2114.03 986.84 2114.03 1256.14 2032.45 1256.14 hole 0
