289.77 2459.09 405.68 2459.09 405.68 3109.09 289.77 3109.09 ballS 0
496.59 2468.18 621.59 2468.18 621.59 3113.64 496.59 3113.64 ballS 0
726.13 2470.46 832.96 2470.46 832.96 3109.09 726.13 3109.09 ballS 0
932.96 2468.18 1048.86 2468.18 1048.86 3120.46 932.96 3120.46 ballS 0
1160.23 2475.00 1257.95 2475.00 1257.95 3120.46 1160.23 3120.46 ballS 0
1819.32 2479.54 1923.86 2479.54 1923.86 3127.27 1819.32 3127.27 ballS 0
2039.77 2706.82 2096.59 2706.82 2096.59 3134.09 2039.77 3134.09 ballS 0
391.10 689.04 495.20 689.04 495.20 1226.03 391.10 1226.03 ballS 0
597.94 686.30 689.73 686.30 689.73 1232.88 597.94 1232.88 ballS 0
799.31 693.15 892.47 693.15 892.47 1228.77 799.31 1228.77 ballS 0
997.94 693.15 1088.36 693.15 1088.36 1217.81 997.94 1217.81 ballS 0
1197.94 694.52 1288.36 694.52 1288.36 1217.81 1197.94 1217.81 ballS 0
1830.82 701.37 1900.69 701.37 1900.69 1227.40 1830.82 1227.40 ballS 0
1093.84 1876.71 1165.07 1876.71 1165.07 2101.37 1093.84 2101.37 hole 0
1306.16 1782.19 1360.96 1782.19 1360.96 1890.41 1306.16 1890.41 hole 0
1299.32 2020.55 1373.29 2020.55 1373.29 2106.85 1299.32 2106.85 hole 0
1515.75 1639.73 1563.70 1639.73 1563.70 1712.33 1515.75 1712.33 hole 0
1508.90 1758.90 1571.92 1758.90 1571.92 1883.56 1508.90 1883.56 hole 0
1507.53 2019.18 1581.51 2019.18 1581.51 2105.48 1507.53 2105.48 hole 0
1721.23 1950.68 1796.57 1950.68 1796.57 2127.40 1721.23 2127.40 hole 0
1721.23 1824.66 1797.95 1824.66 1797.95 1928.77 1721.23 1928.77 hole 0
