2011.22 640.82 2086.73 640.82 2086.73 848.98 2011.22 848.98 ballS 0
1794.90 628.57 1890.82 628.57 1890.82 961.22 1794.90 961.22 ballS 0
217.35 606.12 329.59 606.12 329.59 985.72 217.35 985.72 ballS 0
419.39 618.37 515.31 618.37 515.31 991.84 419.39 991.84 ballS 0
619.39 614.28 719.39 614.28 719.39 987.76 619.39 987.76 ballS 0
823.47 624.49 917.35 624.49 917.35 1000.00 823.47 1000.00 ballS 0
1023.47 624.49 1119.39 624.49 1119.39 1002.04 1023.47 1002.04 ballL 0
96.94 2789.80 198.98 2789.80 198.98 3179.59 96.94 3179.59 ballS 0
301.02 2795.92 409.18 2795.92 409.18 3181.63 301.02 3181.63 ballS 0
523.47 2785.72 627.55 2785.72 627.55 3187.76 523.47 3187.76 ballS 0
743.88 2783.67 841.84 2783.67 841.84 3189.80 743.88 3189.80 ballS 0
956.12 2781.63 1064.29 2781.63 1064.29 3191.84 956.12 3191.84 ballS 0
1790.82 2834.69 1894.90 2834.69 1894.90 3218.37 1790.82 3218.37 ballS 0
2009.18 2824.49 2113.27 2824.49 2113.27 3226.53 2009.18 3226.53 ballS 0
