1030.36 626.03 1122.13 626.03 1122.13 998.63 1030.36 998.63 ballS 0
2411.64 845.20 2496.58 845.20 2496.58 928.77 2411.64 928.77 wave 0
2608.05 864.37 2694.25 864.37 2694.25 931.04 2608.05 931.04 wave 0
2209.19 644.83 2293.10 644.83 2293.10 993.10 2209.19 993.10 ballS 0
2009.20 633.33 2089.66 633.33 2089.66 983.91 2009.20 983.91 ballS 0
1809.19 631.04 1891.95 631.04 1891.95 981.61 1809.19 981.61 ballS 0
2468.89 746.06 2492.12 746.06 2492.12 820.00 2468.89 820.00 hole 0
2668.89 750.00 2695.56 750.00 2695.56 820.00 2668.89 820.00 hole 0
2659.86 2800.18 2748.57 2797.52 2761.39 3224.82 2672.68 3227.48 ballS 0
2443.28 2799.72 2532.78 2797.93 2541.25 3221.25 2451.75 3223.04 ballS 0
2230.27 2791.72 2319.38 2790.83 2323.75 3227.50 2234.64 3228.39 ballS 0
2020.00 2791.25 2105.00 2791.25 2105.00 3218.75 2020.00 3218.75 ballS 0
1802.50 2786.25 1890.00 2786.25 1890.00 3216.25 1802.50 3216.25 ballS 0
966.91 2770.42 1054.39 2772.17 1045.59 3212.08 958.11 3210.33 ballS 0
755.31 2758.40 843.99 2761.96 825.94 3212.84 737.26 3209.30 ballS 0
