289.72 2524.69 401.24 2524.69 401.24 3072.84 289.72 3072.84 ballS 0
513.01 2525.92 616.05 2525.92 616.05 3061.64 513.01 3061.64 ballS 0
730.82 2520.99 829.63 2520.99 829.63 3061.64 730.82 3061.64 ballS 0
940.41 2522.22 1034.57 2522.22 1034.57 3058.90 940.41 3058.90 ballS 0
1159.59 2520.99 1253.09 2520.99 1253.09 3060.27 1159.59 3060.27 ballS 0
1829.45 2558.02 1914.82 2558.02 1914.82 3069.86 1829.45 3069.86 ballS 0
2040.41 2546.91 2125.93 2546.91 2125.93 3057.54 2040.41 3057.54 ballS 0
1828.08 757.58 1909.85 757.58 1909.85 1068.49 1828.08 1068.49 ballS 0
1210.27 722.73 1288.63 722.73 1288.63 1089.04 1210.27 1089.04 ballS 0
1003.43 740.91 1081.06 740.91 1081.06 1056.16 1003.43 1056.16 ballS 0
802.06 756.06 882.58 756.06 882.58 1108.22 802.06 1108.22 ballS 0
591.10 751.52 688.63 751.52 688.63 1180.82 591.10 1180.82 ballS 0
391.10 718.18 490.15 718.18 490.15 1213.70 391.10 1213.70 ballS 0
