731.63 2519.18 829.45 2519.18 829.45 3058.90 731.63 3058.90 ballS 0
939.80 2509.59 1045.89 2509.59 1045.89 3076.71 939.80 3076.71 ballS 0
1164.29 2521.92 1250.00 2521.92 1250.00 3075.34 1164.29 3075.34 ballS 0
1831.63 2530.14 1915.75 2530.14 1915.75 3069.39 1831.63 3069.39 ballS 0
2043.88 2535.62 2130.82 2535.62 2130.82 3077.24 2043.88 3077.24 ballS 0
2250.00 2532.88 2341.78 2532.88 2341.78 3073.47 2250.00 3073.47 ballS 0
2468.37 2523.29 2554.11 2523.29 2554.11 3081.63 2468.37 3081.63 ballS 0
2680.61 2539.73 2766.44 2539.73 2766.44 3132.65 2680.61 3132.65 ballS 0
995.10 728.77 1086.80 728.77 1086.80 1212.22 995.10 1212.22 ballS 0
1206.67 715.07 1289.73 715.07 1289.73 1095.56 1206.67 1095.56 ballS 0
1830.00 731.51 1906.16 731.51 1906.16 1066.67 1830.00 1066.67 ballS 0
2024.45 734.25 2107.53 734.25 2107.53 1242.22 2024.45 1242.22 ballS 0
2232.26 753.23 2307.13 753.23 2307.13 1241.77 2232.26 1241.77 ballS 0
2423.33 834.38 2503.91 834.38 2503.91 1270.00 2423.33 1270.00 ballS 0
2632.08 976.32 2720.42 976.32 2720.42 1274.65 2632.08 1274.65 ballS 0
2430.47 712.50 2503.91 712.50 2503.91 821.88 2430.47 821.88 hole 0
2622.66 712.50 2710.56 712.50 2710.56 967.60 2622.66 967.60 hole 0
