731.63 2524.73 811.02 2524.73 811.02 3042.37 731.63 3042.37 ballS 0
939.80 2521.50 1031.36 2521.50 1031.36 3057.63 939.80 3057.63 ballS 0
1164.29 2519.36 1251.70 2519.36 1251.70 3054.24 1164.29 3054.24 ballS 0
1831.63 2539.78 1916.13 2539.78 1916.13 3069.39 1831.63 3069.39 ballS 0
2043.88 2548.39 2132.26 2548.39 2132.26 3077.24 2043.88 3077.24 ballS 0
2250.00 2532.26 2344.09 2532.26 2344.09 3073.47 2250.00 3073.47 ballS 0
2468.37 2525.81 2555.91 2525.81 2555.91 3081.63 2468.37 3081.63 ballS 0
2680.61 2501.70 2775.42 2501.70 2775.42 3066.10 2680.61 3066.10 ballS 0
996.67 726.14 1082.95 726.14 1082.95 1150.98 996.67 1150.98 ballS 0
1202.30 732.96 1286.36 732.96 1286.36 1114.94 1202.30 1114.94 ballS 0
1830.00 750.00 1905.68 750.00 1905.68 1066.67 1830.00 1066.67 ballS 0
2024.45 753.41 2098.86 753.41 2098.86 1242.22 2024.45 1242.22 ballS 0
2224.44 732.96 2305.68 732.96 2305.68 1243.33 2224.44 1243.33 ballS 0
2423.33 746.59 2516.46 746.59 2516.46 1275.95 2423.33 1275.95 ballS 0
2636.30 886.30 2716.67 886.30 2716.67 1255.56 2636.30 1255.56 ballS 0
2625.34 715.07 2704.79 715.07 2704.79 857.54 2625.34 857.54 hole 0
