130.83 791.67 279.17 791.67 279.17 943.33 130.83 943.33 normal 0
325.83 988.33 462.50 988.33 462.50 1138.33 325.83 1138.33 normal 0
522.50 1178.33 654.17 1178.33 654.17 1326.67 522.50 1326.67 normal 0
704.17 1373.33 844.17 1373.33 844.17 1513.33 704.17 1513.33 normal 0
169.17 2075.00 300.83 2075.00 300.83 2205.00 169.17 2205.00 normal 0
357.50 2073.33 485.83 2073.33 485.83 2206.67 357.50 2206.67 normal 0
534.17 2075.00 662.50 2075.00 662.50 2211.67 534.17 2211.67 normal 0
718.26 2080.03 796.60 2080.03 796.60 2203.36 718.26 2203.36 hole 0
732.50 2750.00 780.83 2750.00 780.83 2873.33 732.50 2873.33 hole 0
379.17 3093.15 491.10 3093.15 491.10 3196.67 379.17 3196.67 normal 0
210.83 3241.67 335.83 3241.67 335.83 3365.00 210.83 3365.00 normal 0
