947.50 2513.10 1045.24 2513.10 1045.24 3031.67 947.50 3031.67 ballS 0
1162.50 2515.48 1254.76 2515.48 1254.76 3028.33 1162.50 3028.33 ballS 0
1829.17 2525.00 1914.28 2525.00 1914.28 3066.67 1829.17 3066.67 ballS 0
2047.50 2525.00 2128.57 2525.00 2128.57 3043.33 2047.50 3043.33 ballS 0
2250.83 2517.86 2345.24 2517.86 2345.24 3036.67 2250.83 3036.67 ballS 0
2470.83 2522.62 2563.10 2522.62 2563.10 3026.67 2470.83 3026.67 ballS 0
2680.83 2527.38 2780.56 2527.38 2780.56 3046.30 2680.83 3046.30 ballS 0
1206.00 712.00 1283.00 712.00 1283.00 1150.00 1206.00 1150.00 ballS 0
1017.00 716.00 1077.00 716.00 1077.00 1156.00 1017.00 1156.00 ballS 0
1834.37 732.29 1911.00 732.29 1911.00 1092.00 1834.37 1092.00 ballS 0
2025.00 737.00 2109.00 737.00 2109.00 1237.00 2025.00 1237.00 ballS 0
2230.00 763.00 2315.00 763.00 2315.00 1245.00 2230.00 1245.00 ballS 0
2426.19 752.38 2513.54 752.38 2513.54 1273.96 2426.19 1273.96 ballS 0
2625.00 745.24 2715.08 745.24 2715.08 1269.84 2625.00 1269.84 ballS 0
