734.38 2873.44 831.25 2873.44 831.25 3020.31 734.38 3020.31 ballS 0
941.41 2518.75 1032.03 2518.75 1032.03 2998.44 941.41 2998.44 ballS 0
1164.84 2510.94 1255.47 2510.94 1255.47 3029.69 1164.84 3029.69 ballS 0
1825.78 2539.06 1914.84 2539.06 1914.84 3031.25 1825.78 3031.25 ballS 0
2042.97 2548.44 2133.59 2548.44 2133.59 3025.00 2042.97 3025.00 ballS 0
2258.59 2528.12 2347.66 2528.12 2347.66 3018.75 2258.59 3018.75 ballS 0
2467.97 2523.44 2564.84 2523.44 2564.84 3020.31 2467.97 3020.31 ballS 0
2680.47 2526.56 2780.47 2526.56 2780.47 3021.88 2680.47 3021.88 ballS 0
996.21 731.82 1086.42 731.82 1086.42 1097.53 996.21 1097.53 ballS 0
1202.27 731.82 1281.48 731.82 1281.48 1097.53 1202.27 1097.53 ballS 0
1828.03 750.00 1906.25 750.00 1906.25 1022.50 1828.03 1022.50 ballS 0
2029.54 760.61 2096.25 760.61 2096.25 1042.50 2029.54 1042.50 ballS 0
2229.55 765.15 2312.88 765.15 2312.88 1231.82 2229.55 1231.82 ballS 0
2426.51 786.36 2517.42 786.36 2517.42 1246.97 2426.51 1246.97 ballS 0
2623.49 730.30 2717.42 730.30 2717.42 1248.48 2623.49 1248.48 ballS 0
