720.83 2511.67 832.50 2511.67 832.50 3030.00 720.83 3030.00 ballS 0
942.50 2510.00 1045.83 2510.00 1045.83 3011.67 942.50 3011.67 ballS 0
1162.50 2506.67 1259.17 2506.67 1259.17 3036.67 1162.50 3036.67 ballS 0
1834.17 2536.67 1924.17 2536.67 1924.17 3041.67 1834.17 3041.67 ballS 0
2034.17 2518.33 2139.17 2518.33 2139.17 3063.33 2034.17 3063.33 ballS 0
2255.83 2526.67 2359.17 2526.67 2359.17 3035.00 2255.83 3035.00 ballS 0
2462.50 2525.00 2550.83 2525.00 2550.83 3048.33 2462.50 3048.33 ballS 0
2680.83 2518.33 2787.50 2518.33 2787.50 3026.67 2680.83 3026.67 ballS 0
999.17 716.67 1082.50 716.67 1082.50 1176.67 999.17 1176.67 ballS 0
1202.50 716.67 1279.17 716.67 1279.17 1175.00 1202.50 1175.00 ballS 0
1825.83 743.33 1909.17 743.33 1909.17 1085.00 1825.83 1085.00 ballS 0
2024.17 765.00 2109.17 765.00 2109.17 1211.67 2024.17 1211.67 ballS 0
2229.17 763.33 2317.50 763.33 2317.50 1238.33 2229.17 1238.33 ballS 0
2427.50 756.67 2522.50 756.67 2522.50 1248.33 2427.50 1248.33 ballS 0
2624.17 736.67 2720.83 736.67 2720.83 1258.33 2624.17 1258.33 ballS 0
