195.06 2482.72 279.01 2482.72 279.01 2932.10 195.06 2932.10 ballS 0
412.35 2487.66 501.23 2487.66 501.23 2913.58 412.35 2913.58 ballS 0
617.28 2491.36 720.99 2491.36 720.99 2951.85 617.28 2951.85 ballS 0
843.21 2502.47 932.10 2502.47 932.10 3003.70 843.21 3003.70 ballS 0
1053.09 2522.22 1155.56 2522.22 1155.56 2986.42 1053.09 2986.42 ballS 0
1722.22 2504.94 1808.64 2504.94 1808.64 3024.69 1722.22 3024.69 ballS 0
1939.51 2508.64 2024.69 2508.64 2024.69 3038.27 1939.51 3038.27 ballS 0
301.20 756.82 380.68 756.82 380.68 1201.96 301.20 1201.96 ballS 0
1727.00 764.00 1804.00 764.00 1804.00 1183.00 1727.00 1183.00 ballS 0
1097.12 750.00 1192.31 750.00 1192.31 1048.08 1097.12 1048.08 ballS 0
