1939.04 2520.55 2030.82 2520.55 2030.82 3031.51 1939.04 3031.51 ballS 0
1721.23 2483.56 1815.75 2483.56 1815.75 3036.99 1721.23 3036.99 ballS 0
1060.96 2491.78 1147.26 2491.78 1147.26 3012.33 1060.96 3012.33 ballS 0
841.78 2508.22 934.93 2508.22 934.93 3005.48 841.78 3005.48 ballS 0
626.71 2521.92 721.23 2521.92 721.23 2975.34 626.71 2975.34 ballS 0
410.27 2510.96 499.31 2510.96 499.31 3000.00 410.27 3000.00 ballS 0
196.57 2512.33 288.36 2512.33 288.36 2932.88 196.57 2932.88 ballS 0
897.94 756.16 980.14 756.16 980.14 1219.18 897.94 1219.18 ballS 0
1097.95 743.84 1178.77 743.84 1178.77 1215.07 1097.95 1215.07 ballS 0
1730.82 758.90 1810.27 758.90 1810.27 1215.07 1730.82 1215.07 ballS 0
1930.82 779.45 2011.64 779.45 2011.64 1236.99 1930.82 1236.99 ballS 0
693.84 776.71 771.92 776.71 771.92 1226.03 693.84 1226.03 ballS 0
499.31 772.60 577.40 772.60 577.40 1226.03 499.31 1226.03 ballS 0
293.84 776.71 384.25 776.71 384.25 1217.81 293.84 1217.81 ballS 0
