1099.24 746.97 1179.55 746.97 1179.55 1215.15 1099.24 1215.15 ballS 0
1728.03 751.52 1805.30 751.52 1805.30 1227.27 1728.03 1227.27 ballS 0
1928.03 746.97 2012.88 746.97 2012.88 1234.85 1928.03 1234.85 ballS 0
2128.03 759.09 2211.36 759.09 2211.36 1237.88 2128.03 1237.88 ballS 0
2328.03 743.94 2411.36 743.94 2411.36 1245.46 2328.03 1245.46 ballS 0
2529.55 784.85 2618.94 784.85 2618.94 1240.91 2529.55 1240.91 ballS 0
843.18 2521.21 926.51 2521.21 926.51 2930.30 843.18 2930.30 ballS 0
1056.82 2542.42 1141.67 2542.42 1141.67 2963.64 1056.82 2963.64 ballS 0
1723.48 2531.82 1814.39 2531.82 1814.39 3027.27 1723.48 3027.27 ballS 0
1934.09 2525.76 2035.61 2525.76 2035.61 3034.85 1934.09 3034.85 ballS 0
2143.18 2521.21 2247.73 2521.21 2247.73 3034.85 2143.18 3034.85 ballS 0
2365.91 2534.85 2458.33 2534.85 2458.33 3037.88 2365.91 3037.88 ballS 0
2578.03 2551.52 2681.06 2551.52 2681.06 3039.39 2578.03 3039.39 ballS 0
