1730.83 773.33 1810.83 773.33 1810.83 1215.00 1730.83 1215.00 ballS 0
1099.17 745.00 1175.83 745.00 1175.83 1216.67 1099.17 1216.67 ballS 0
902.20 765.00 985.83 765.00 985.83 1233.82 902.20 1233.82 ballS 0
693.38 755.15 787.50 755.15 787.50 1227.20 693.38 1227.20 ballS 0
494.12 766.18 583.09 766.18 583.09 1230.15 494.12 1230.15 ballS 0
290.44 779.41 388.24 779.41 388.24 1232.35 290.44 1232.35 ballS 0
196.88 2498.96 298.96 2498.96 298.96 2932.29 196.88 2932.29 ballS 0
408.33 2498.96 510.42 2498.96 510.42 2936.46 408.33 2936.46 ballS 0
625.00 2503.12 722.92 2503.12 722.92 2971.88 625.00 2971.88 ballS 0
836.46 2514.58 939.58 2514.58 939.58 2989.58 836.46 2989.58 ballS 0
1059.38 2515.62 1146.88 2515.62 1146.88 3026.04 1059.38 3026.04 ballS 0
1721.87 2523.96 1812.50 2523.96 1812.50 3027.08 1721.87 3027.08 ballS 0
1934.38 2520.83 2026.04 2520.83 2026.04 3033.33 1934.38 3033.33 ballS 0
