997.22 790.74 1078.70 790.74 1078.70 1175.92 997.22 1175.92 ballS 0
1199.07 770.37 1280.56 770.37 1280.56 1209.26 1199.07 1209.26 ballS 0
1825.00 744.44 1902.78 744.44 1902.78 1137.04 1825.00 1137.04 ballS 0
2023.15 751.85 2106.48 751.85 2106.48 1172.22 2023.15 1172.22 ballS 0
2228.70 775.92 2310.19 775.92 2310.19 1214.82 2228.70 1214.82 ballS 0
2426.85 785.18 2513.89 785.18 2513.89 1250.00 2426.85 1250.00 ballS 0
2626.85 766.67 2721.30 766.67 2721.30 1255.56 2626.85 1255.56 ballS 0
945.37 2500.00 1037.96 2500.00 1037.96 3009.26 945.37 3009.26 ballS 0
1158.33 2507.41 1249.07 2507.41 1249.07 3009.26 1158.33 3009.26 ballS 0
1828.70 2496.30 1915.74 2496.30 1915.74 3012.96 1828.70 3012.96 ballS 0
2041.67 2505.56 2141.67 2505.56 2141.67 3007.41 2041.67 3007.41 ballS 0
2252.78 2525.92 2354.63 2525.92 2354.63 3031.48 2252.78 3031.48 ballS 0
2471.30 2522.22 2567.59 2522.22 2567.59 3042.59 2471.30 3042.59 ballS 0
2686.11 2514.82 2786.11 2514.82 2786.11 3033.33 2686.11 3033.33 ballS 0
