167.10 798.61 214.54 798.61 214.54 824.29 167.10 824.29 hole 0
332.19 1006.85 430.82 1006.85 430.82 1112.33 332.19 1112.33 normal 0
515.00 1180.00 646.00 1180.00 646.00 1313.00 515.00 1313.00 normal 0
702.00 1370.00 832.00 1370.00 832.00 1502.00 702.00 1502.00 normal 0
162.34 2076.62 287.01 2076.62 287.01 2202.60 162.34 2202.60 normal 0
351.95 2079.22 474.59 2079.22 474.59 2208.20 351.95 2208.20 normal 0
205.19 3262.34 311.69 3262.34 311.69 3366.23 205.19 3366.23 normal 0
527.36 2075.47 655.66 2075.47 655.66 2209.43 527.36 2209.43 normal 0
711.00 2079.02 847.80 2079.02 847.80 2214.00 711.00 2214.00 normal 0
724.61 2759.26 848.15 2759.26 848.15 2887.66 724.61 2887.66 ballS 0
549.38 2937.04 662.96 2937.04 662.96 3040.74 549.38 3040.74 normal 0
380.25 3097.53 487.65 3097.53 487.65 3203.70 380.25 3203.70 normal 0
142.86 823.38 238.96 823.38 238.96 915.58 142.86 915.58 normal 0
