111.11 775.31 265.43 775.31 265.43 932.10 111.11 932.10 ballL 0
319.75 976.54 460.49 976.54 460.49 1120.99 319.75 1120.99 ballL 0
512.35 1170.37 646.91 1170.37 646.91 1312.34 512.35 1312.34 ballS 0
704.94 1361.73 845.68 1361.73 845.68 1503.70 704.94 1503.70 ballS 0
160.76 2070.89 297.47 2070.89 297.47 2203.80 160.76 2203.80 ballS 0
346.84 2068.36 478.48 2068.36 478.48 2203.80 346.84 2203.80 hole 0
527.85 2073.42 668.75 2073.42 668.75 2206.94 527.85 2206.94 hole 0
712.66 2074.68 845.83 2074.68 845.83 2205.21 712.66 2205.21 hole 0
1418.67 3257.33 1548.00 3257.33 1548.00 3382.67 1418.67 3382.67 hole 0
206.67 3237.33 337.33 3237.33 337.33 3373.33 206.67 3373.33 ballS 0
376.00 3081.33 509.33 3081.33 509.33 3208.00 376.00 3208.00 ballS 0
545.33 2920.00 674.67 2920.00 674.67 3042.67 545.33 3042.67 hole 0
728.00 2750.67 860.00 2750.67 860.00 2878.67 728.00 2878.67 hole 0
1414.58 3091.67 1545.14 3091.67 1545.14 3208.33 1414.58 3208.33 hole 0
1414.58 2968.06 1464.58 2968.06 1464.58 3050.00 1414.58 3050.00 hole 0
1504.86 2965.28 1549.30 2965.28 1549.30 3045.83 1504.86 3045.83 hole 0
1424.31 2787.50 1481.25 2787.50 1481.25 2881.94 1424.31 2881.94 hole 0
1515.97 2781.94 1552.08 2781.94 1552.08 2873.61 1515.97 2873.61 hole 0
