119.00 784.00 264.00 784.00 264.00 935.00 119.00 935.00 ballL 0
318.00 974.00 461.00 974.00 461.00 1128.00 318.00 1128.00 ballL 0
512.00 1171.00 645.00 1171.00 645.00 1312.00 512.00 1312.00 ballS 0
699.00 1364.00 843.00 1364.00 843.00 1505.00 699.00 1505.00 ballS 0
167.00 2067.00 299.00 2067.00 299.00 2206.00 167.00 2206.00 hole 0
351.00 2073.00 482.00 2073.00 482.00 2205.00 351.00 2205.00 hole 0
533.00 2072.00 666.00 2072.00 666.00 2211.00 533.00 2211.00 hole 0
714.00 2073.00 849.00 2073.00 849.00 2211.00 714.00 2211.00 hole 0
211.76 3240.00 342.35 3240.00 342.35 3374.12 211.76 3374.12 ballS 0
375.29 3080.00 509.41 3080.00 509.41 3212.94 375.29 3212.94 ballS 0
550.59 2918.82 682.35 2918.82 682.35 3048.24 550.59 3048.24 hole 0
722.16 2755.56 863.54 2755.56 863.54 2883.33 722.16 2883.33 hole 0
1414.12 3257.65 1542.35 3257.65 1542.35 3384.70 1414.12 3384.70 hole 0
1409.38 3100.00 1550.00 3100.00 1550.00 3213.00 1409.38 3213.00 hole 0
1413.54 2933.33 1459.37 2933.33 1459.37 3035.42 1413.54 3035.42 hole 0
1492.71 2943.75 1544.79 2943.75 1544.79 3052.08 1492.71 3052.08 hole 0
1676.00 1986.00 1727.00 1986.00 1727.00 2056.00 1676.00 2056.00 hole 0
