119.00 784.00 264.00 784.00 264.00 935.00 119.00 935.00 ballL 0
318.00 974.00 461.00 974.00 461.00 1128.00 318.00 1128.00 ballL 0
512.00 1171.00 651.37 1171.00 651.37 1317.81 512.00 1317.81 ballS 0
699.00 1364.00 843.00 1364.00 843.00 1505.00 699.00 1505.00 ballS 0
167.00 2067.00 299.00 2067.00 299.00 2206.00 167.00 2206.00 ballS 0
351.00 2073.00 482.00 2073.00 482.00 2205.00 351.00 2205.00 hole 0
533.00 2072.00 666.00 2072.00 666.00 2211.00 533.00 2211.00 hole 0
714.00 2073.00 849.00 2073.00 849.00 2211.00 714.00 2211.00 hole 0
211.76 3240.00 342.35 3240.00 342.35 3374.12 211.76 3374.12 ballS 0
375.29 3080.00 509.41 3080.00 509.41 3212.94 375.29 3212.94 hole 0
545.83 2918.82 682.35 2918.82 682.35 3053.33 545.83 3053.33 hole 0
1414.12 3257.65 1542.35 3257.65 1542.35 3384.70 1414.12 3384.70 hole 0
723.47 2753.06 860.21 2753.06 860.21 2879.59 723.47 2879.59 hole 0
1421.43 2763.26 1550.00 2763.26 1550.00 2895.92 1421.43 2895.92 hole 0
1421.43 2938.78 1552.04 2938.78 1552.04 3055.10 1421.43 3055.10 hole 0
1419.39 3095.92 1550.00 3095.92 1550.00 3220.41 1419.39 3220.41 hole 0
