2746.43 808.57 2887.86 808.57 2887.86 955.72 2746.43 955.72 hole 0
2552.14 1002.86 2686.43 1002.86 2686.43 1145.72 2552.14 1145.72 hole 0
2158.89 1380.00 2295.00 1380.00 2295.00 1517.78 2158.89 1517.78 hole 0
2353.57 1191.43 2490.71 1191.43 2490.71 1331.43 2353.57 1331.43 hole 0
2135.00 2084.28 2275.00 2084.28 2275.00 2222.86 2135.00 2222.86 hole 0
2319.28 2087.14 2457.86 2087.14 2457.86 2224.28 2319.28 2224.28 hole 0
2500.71 2084.28 2642.14 2084.28 2642.14 2227.14 2500.71 2227.14 hole 0
2682.14 2090.00 2823.57 2090.00 2823.57 2230.00 2682.14 2230.00 hole 0
2617.86 3265.72 2755.00 3265.72 2755.00 3400.00 2617.86 3400.00 ballS 0
2449.29 3098.57 2592.14 3098.57 2592.14 3234.28 2449.29 3234.28 ballS 0
2282.14 2934.28 2423.57 2934.28 2423.57 3068.57 2282.14 3068.57 ballS 0
1507.00 3278.34 1546.50 3278.34 1546.50 3377.71 1507.00 3377.71 hole 0
1418.47 3263.06 1446.50 3263.06 1446.50 3368.79 1418.47 3368.79 hole 0
2141.67 2765.15 2249.24 2765.15 2249.24 2896.97 2141.67 2896.97 hole 0
1679.54 1990.91 1729.55 1990.91 1729.55 2062.12 1679.54 2062.12 hole 0
