2746.43 808.57 2887.86 808.57 2887.86 955.72 2746.43 955.72 hole 0
2552.14 1002.86 2686.43 1002.86 2686.43 1145.72 2552.14 1145.72 hole 0
2174.45 1395.56 2293.33 1395.56 2293.33 1491.11 2174.45 1491.11 normal 0
2376.67 1210.00 2478.89 1210.00 2478.89 1313.33 2376.67 1313.33 normal 0
2135.00 2084.28 2275.00 2084.28 2275.00 2222.86 2135.00 2222.86 hole 0
2319.28 2087.14 2457.86 2087.14 2457.86 2224.28 2319.28 2224.28 hole 0
2500.71 2084.28 2642.14 2084.28 2642.14 2227.14 2500.71 2227.14 hole 0
2682.14 2090.00 2823.57 2090.00 2823.57 2230.00 2682.14 2230.00 hole 0
2617.86 3265.72 2755.00 3265.72 2755.00 3400.00 2617.86 3400.00 ballS 0
2449.29 3098.57 2592.14 3098.57 2592.14 3234.28 2449.29 3234.28 ballS 0
2285.62 2934.28 2423.57 2934.28 2423.57 3052.06 2285.62 3052.06 ballS 0
728.89 1358.89 836.67 1358.89 836.67 1501.11 728.89 1501.11 ballS 0
2153.92 2768.63 2242.16 2768.63 2242.16 2901.96 2153.92 2901.96 hole 0
