2746.43 808.57 2887.86 808.57 2887.86 955.72 2746.43 955.72 hole 0
2552.14 1002.86 2686.43 1002.86 2686.43 1145.72 2552.14 1145.72 hole 0
2174.66 1389.04 2286.99 1389.04 2286.99 1500.00 2174.66 1500.00 normal 0
2370.55 1206.85 2480.14 1206.85 2480.14 1317.81 2370.55 1317.81 normal 0
2135.00 2084.28 2275.00 2084.28 2275.00 2222.86 2135.00 2222.86 hole 0
2319.28 2087.14 2457.86 2087.14 2457.86 2224.28 2319.28 2224.28 hole 0
2500.71 2084.28 2642.14 2084.28 2642.14 2227.14 2500.71 2227.14 hole 0
2682.14 2090.00 2823.57 2090.00 2823.57 2230.00 2682.14 2230.00 hole 0
2617.86 3265.72 2755.00 3265.72 2755.00 3400.00 2617.86 3400.00 ballS 0
2449.29 3098.57 2592.14 3098.57 2592.14 3234.28 2449.29 3234.28 ballS 0
2285.62 2934.28 2423.57 2934.28 2423.57 3052.06 2285.62 3052.06 hole 0
1506.82 3275.76 1549.24 3275.76 1549.24 3375.76 1506.82 3375.76 hole 0
1420.45 3266.67 1455.30 3266.67 1455.30 3377.27 1420.45 3377.27 hole 0
2168.83 2774.02 2249.35 2774.02 2249.35 2894.80 2168.83 2894.80 hole 0
