2746.43 808.57 2887.86 808.57 2887.86 955.72 2746.43 955.72 hole 0
2552.14 1002.86 2686.43 1002.86 2686.43 1145.72 2552.14 1145.72 hole 0
2178.77 1390.41 2277.40 1390.41 2277.40 1502.74 2178.77 1502.74 normal 0
2373.29 1204.11 2478.77 1204.11 2478.77 1313.70 2373.29 1313.70 normal 0
2135.00 2084.28 2275.00 2084.28 2275.00 2222.86 2135.00 2222.86 hole 0
2319.28 2087.14 2457.86 2087.14 2457.86 2224.28 2319.28 2224.28 hole 0
2500.71 2084.28 2642.14 2084.28 2642.14 2227.14 2500.71 2227.14 hole 0
2682.14 2090.00 2823.57 2090.00 2823.57 2230.00 2682.14 2230.00 hole 0
2617.86 3265.72 2755.00 3265.72 2755.00 3400.00 2617.86 3400.00 ballS 0
2449.29 3098.57 2592.14 3098.57 2592.14 3234.28 2449.29 3234.28 hole 0
134.93 784.93 256.85 784.93 256.85 926.03 134.93 926.03 ballL 0
1692.46 1920.55 1730.82 1920.55 1730.82 2060.27 1692.46 2060.27 hole 0
2123.97 2767.12 2240.41 2767.12 2240.41 2872.60 2123.97 2872.60 hole 0
2289.73 2942.46 2418.49 2942.46 2418.49 3060.27 2289.73 3060.27 hole 0
