2746.43 808.57 2887.86 808.57 2887.86 955.72 2746.43 955.72 hole 0
2552.14 1002.86 2686.43 1002.86 2686.43 1145.72 2552.14 1145.72 hole 0
2172.45 1389.80 2288.78 1389.80 2288.78 1508.16 2172.45 1508.16 normal 0
2372.45 1208.16 2478.57 1208.16 2478.57 1314.28 2372.45 1314.28 normal 0
2135.00 2084.28 2275.00 2084.28 2275.00 2222.86 2135.00 2222.86 hole 0
2319.28 2087.14 2457.86 2087.14 2457.86 2224.28 2319.28 2224.28 hole 0
2500.71 2084.28 2642.14 2084.28 2642.14 2227.14 2500.71 2227.14 hole 0
2682.14 2090.00 2823.57 2090.00 2823.57 2230.00 2682.14 2230.00 hole 0
2617.86 3265.72 2755.00 3265.72 2755.00 3400.00 2617.86 3400.00 ballS 0
2449.29 3098.57 2592.14 3098.57 2592.14 3234.28 2449.29 3234.28 ballS 0
1509.88 3269.14 1548.15 3269.14 1548.15 3374.08 1509.88 3374.08 hole 0
1419.75 3267.90 1456.79 3267.90 1456.79 3379.01 1419.75 3379.01 hole 0
2286.89 2931.80 2414.05 2931.80 2414.05 3062.67 2286.89 3062.67 hole 0
147.41 791.38 262.93 791.38 262.93 920.69 147.41 920.69 ballL 0
