119.00 784.00 264.00 784.00 264.00 935.00 119.00 935.00 ballL 0
318.00 974.00 461.00 974.00 461.00 1128.00 318.00 1128.00 ballL 0
512.00 1171.00 645.00 1171.00 645.00 1312.00 512.00 1312.00 ballS 0
699.00 1364.00 843.00 1364.00 843.00 1505.00 699.00 1505.00 hole 0
167.00 2067.00 299.00 2067.00 299.00 2206.00 167.00 2206.00 ballS 0
351.00 2073.00 482.00 2073.00 482.00 2205.00 351.00 2205.00 hole 0
533.00 2072.00 666.00 2072.00 666.00 2211.00 533.00 2211.00 hole 0
714.00 2073.00 849.00 2073.00 849.00 2211.00 714.00 2211.00 hole 0
211.76 3240.00 342.35 3240.00 342.35 3374.12 211.76 3374.12 ballS 0
375.29 3080.00 509.41 3080.00 509.41 3212.94 375.29 3212.94 hole 0
550.59 2918.82 682.35 2918.82 682.35 3048.24 550.59 3048.24 hole 0
1414.12 3257.65 1542.35 3257.65 1542.35 3384.70 1414.12 3384.70 hole 0
728.70 2761.11 860.18 2761.11 860.18 2881.48 728.70 2881.48 hole 0
1512.04 2803.70 1550.92 2803.70 1550.92 2883.33 1512.04 2883.33 hole 0
1428.71 2933.33 1549.07 2933.33 1549.07 3046.30 1428.71 3046.30 hole 0
1497.22 3124.08 1549.07 3124.08 1549.07 3211.11 1497.22 3211.11 hole 0
1415.74 3094.44 1456.48 3094.44 1456.48 3205.56 1415.74 3205.56 hole 0
