119.00 784.00 264.00 784.00 264.00 935.00 119.00 935.00 ballL 0
318.00 974.00 461.00 974.00 461.00 1128.00 318.00 1128.00 ballL 0
512.00 1171.00 645.00 1171.00 645.00 1312.00 512.00 1312.00 ballS 0
699.00 1364.00 843.00 1364.00 843.00 1505.00 699.00 1505.00 hole 0
167.00 2067.00 299.00 2067.00 299.00 2206.00 167.00 2206.00 hole 0
351.00 2073.00 482.00 2073.00 482.00 2205.00 351.00 2205.00 hole 0
533.00 2072.00 666.00 2072.00 666.00 2211.00 533.00 2211.00 hole 0
817.78 2111.11 850.93 2111.11 850.93 2208.89 817.78 2208.89 hole 0
211.76 3240.00 342.35 3240.00 342.35 3374.12 211.76 3374.12 ballS 0
375.29 3080.00 509.41 3080.00 509.41 3212.94 375.29 3212.94 hole 0
550.59 2918.82 682.35 2918.82 682.35 3048.24 550.59 3048.24 hole 0
1417.82 3253.94 1544.52 3253.94 1544.52 3376.71 1417.82 3376.71 hole 0
715.56 2076.67 772.22 2076.67 772.22 2200.00 715.56 2200.00 hole 0
729.45 2835.62 855.48 2835.62 855.48 2884.93 729.45 2884.93 hole 0
1477.40 3123.29 1551.37 3123.29 1551.37 3217.81 1477.40 3217.81 hole 0
1500.00 2961.73 1554.32 2961.73 1554.32 3054.32 1500.00 3054.32 hole 0
1422.22 2932.10 1476.54 2932.10 1476.54 3054.32 1422.22 3054.32 hole 0
1488.89 2820.99 1550.62 2820.99 1550.62 2887.66 1488.89 2887.66 hole 0
