322.19 1193.51 406.73 1187.58 432.29 1552.08 347.74 1558.01 ballL 0
352.41 1783.66 433.75 1780.41 448.96 2160.42 367.62 2163.67 ballL 0
1936.03 476.47 2186.03 476.47 2186.03 547.06 1936.03 547.06 normal 0
1786.76 477.20 1926.47 477.20 1926.47 552.20 1786.76 552.20 ballS 0
1132.08 475.42 1542.37 475.42 1542.37 549.15 1132.08 549.15 ballS 0
2862.18 1383.59 2785.54 1381.29 2774.94 1734.21 2851.59 1736.51 hole 0
2846.83 1931.75 2772.36 1927.27 2749.10 2314.48 2823.56 2318.95 hole 0
1737.30 2861.90 2142.06 2861.90 2142.06 2931.75 1737.30 2931.75 hole 0
1615.08 2858.73 1696.03 2858.73 1696.03 2931.75 1615.08 2931.75 hole 0
1153.18 2860.32 1462.70 2860.32 1462.70 2925.40 1153.18 2925.40 hole 0
1497.62 2863.49 1581.75 2863.49 1581.75 2930.16 1497.62 2930.16 hole 0
2800.00 1195.00 2870.00 1195.00 2870.00 1360.00 2800.00 1360.00 ballS 0
