1481.44 417.52 1593.81 417.52 1593.81 535.05 1481.44 535.05 ballL 0
1731.96 426.80 1836.08 426.80 1836.08 548.45 1731.96 548.45 ballL 0
1247.42 455.67 1349.48 455.67 1349.48 570.10 1247.42 570.10 ballL 0
995.88 535.05 1108.25 535.05 1108.25 659.79 995.88 659.79 ballL 0
598.88 903.13 939.53 903.13 939.53 995.35 598.88 995.35 ballL 0
606.73 1073.08 939.42 1073.08 939.42 1159.62 606.73 1159.62 ballL 0
400.00 1168.27 507.69 1168.27 507.69 1278.85 400.00 1278.85 ballL 0
322.12 1404.81 435.58 1404.81 435.58 1522.12 322.12 1522.12 ballL 0
295.19 1637.50 411.54 1637.50 411.54 1760.58 295.19 1760.58 ballL 0
687.50 2445.19 1012.50 2445.19 1012.50 2530.77 687.50 2530.77 ballL 0
691.35 2597.12 1012.50 2597.12 1012.50 2675.00 691.35 2675.00 ballL 0
1038.46 2764.42 1146.15 2764.42 1146.15 2872.12 1038.46 2872.12 ballL 0
1258.65 2843.27 1369.23 2843.27 1369.23 2949.04 1258.65 2949.04 ballL 0
1487.50 2875.96 1593.27 2875.96 1593.27 2977.88 1487.50 2977.88 ballL 0
1716.95 2869.49 1818.64 2869.49 1818.64 2967.80 1716.95 2967.80 ballS 0
