1239.58 448.61 1357.64 448.61 1357.64 577.78 1239.58 577.78 ballL 0
1479.86 411.11 1597.92 411.11 1597.92 537.50 1479.86 537.50 ballL 0
1725.69 423.61 1843.75 423.61 1843.75 550.00 1725.69 550.00 ballL 0
1979.86 486.11 2090.97 486.11 2090.97 613.89 1979.86 613.89 ballS 0
2263.19 902.78 2609.03 902.78 2609.03 997.22 2263.19 997.22 ballL 0
2263.19 1069.44 2600.69 1069.44 2600.69 1162.50 2263.19 1162.50 ballL 0
2704.86 1169.44 2813.19 1169.44 2813.19 1290.28 2704.86 1290.28 ballL 0
2778.47 1411.11 2886.81 1411.11 2886.81 1529.17 2778.47 1529.17 ballL 0
2795.14 1647.22 2911.81 1647.22 2911.81 1761.11 2795.14 1761.11 ballL 0
2192.36 2451.39 2507.64 2451.39 2507.64 2530.56 2192.36 2530.56 ballS 0
2195.14 2606.94 2500.70 2606.94 2500.70 2675.00 2195.14 2675.00 ballS 0
1707.64 2858.33 1817.36 2858.33 1817.36 2969.44 1707.64 2969.44 ballS 0
1495.14 2876.39 1597.92 2876.39 1597.92 2981.94 1495.14 2981.94 ballL 0
1265.97 2844.44 1372.92 2844.44 1372.92 2947.22 1265.97 2947.22 ballL 0
