355.39 1765.66 431.54 1762.62 446.46 2135.43 370.31 2138.48 ballL 0
1736.28 2858.33 2146.16 2858.33 2146.16 2930.77 1736.28 2930.77 hole 0
1615.48 2864.28 1700.00 2864.28 1700.00 2926.19 1615.48 2926.19 hole 0
1254.62 2895.38 1464.75 2895.38 1464.75 2925.18 1254.62 2925.18 hole 0
1492.09 2873.38 1578.42 2873.38 1578.42 2928.06 1492.09 2928.06 hole 0
330.50 1200.20 410.60 1196.99 431.73 1725.00 351.63 1728.20 ballL 0
1249.45 476.37 1468.68 476.37 1468.68 554.94 1249.45 554.94 ballS 0
1741.46 476.88 2168.75 476.88 2168.75 551.25 1741.46 551.25 ballS 0
2768.75 1937.50 2843.93 1940.51 2829.17 2309.38 2753.99 2306.37 hole 0
2792.84 1387.18 2864.53 1389.34 2853.93 1742.34 2782.24 1740.19 hole 0
1551.97 474.02 1579.53 474.02 1579.53 521.26 1551.97 521.26 hole 0
