1243.67 452.53 1358.23 452.53 1358.23 568.99 1243.67 568.99 ballS 0
2700.00 1173.40 2810.64 1173.40 2810.64 1285.11 2700.00 1285.11 ballL 0
2770.21 1410.64 2886.17 1410.64 2886.17 1522.34 2770.21 1522.34 ballL 0
2794.68 1643.62 2912.77 1643.62 2912.77 1754.26 2794.68 1754.26 hole 0
2770.21 1875.53 2889.36 1875.53 2889.36 1987.24 2770.21 1987.24 hole 0
1268.09 2841.49 1368.08 2841.49 1368.08 2942.55 1268.09 2942.55 ballS 0
1095.74 2763.83 1145.75 2763.83 1145.75 2867.02 1095.74 2867.02 ballS 0
1488.30 2875.53 1595.75 2875.53 1595.75 2975.53 1488.30 2975.53 ballS 0
1712.77 2862.76 1822.34 2862.76 1822.34 2965.96 1712.77 2965.96 ballS 0
2196.26 2451.40 2509.35 2451.40 2509.35 2527.10 2196.26 2527.10 hole 0
2191.59 2604.67 2504.67 2604.67 2504.67 2675.70 2191.59 2675.70 hole 0
1486.99 422.22 1596.58 422.22 1596.58 532.88 1486.99 532.88 ballS 0
1974.71 491.18 2094.12 491.18 2094.12 601.18 1974.71 601.18 ballS 0
2273.79 904.83 2531.72 904.83 2531.72 984.83 2273.79 984.83 ballS 0
2333.10 1077.93 2515.86 1077.93 2515.86 1155.17 2333.10 1155.17 ballS 0
1735.85 443.40 1811.32 443.40 1811.32 498.11 1735.85 498.11 normal 0
