1246.25 461.25 1350.00 461.25 1350.00 580.00 1246.25 580.00 hole 0
1488.75 422.50 1587.12 422.50 1587.12 540.91 1488.75 540.91 hole 0
2016.25 503.75 2085.00 503.75 2085.00 608.75 2016.25 608.75 hole 0
1752.94 434.36 1830.59 434.36 1830.59 549.41 1752.94 549.41 normal 0
2293.02 1089.92 2570.54 1089.92 2570.54 1161.24 2293.02 1161.24 normal 0
2284.50 921.70 2466.67 921.70 2466.67 988.37 2284.50 988.37 normal 0
2469.77 915.50 2540.31 915.50 2540.31 949.61 2469.77 949.61 hole 0
2699.11 1174.11 2808.93 1174.11 2808.93 1285.72 2699.11 1285.72 hole 0
2771.43 1411.61 2883.04 1411.61 2883.04 1528.57 2771.43 1528.57 hole 0
2793.75 1650.00 2906.25 1650.00 2906.25 1758.93 2793.75 1758.93 hole 0
2772.32 1875.89 2883.93 1875.89 2883.93 1991.96 2772.32 1991.96 hole 0
2700.89 2100.00 2813.39 2100.00 2813.39 2211.61 2700.89 2211.61 hole 0
2237.50 2460.72 2511.61 2460.72 2511.61 2525.89 2237.50 2525.89 hole 0
2229.47 2607.14 2508.04 2607.14 2508.04 2675.00 2229.47 2675.00 hole 0
1942.86 2812.50 2044.64 2812.50 2044.64 2915.18 1942.86 2915.18 hole 0
1714.29 2865.18 1817.86 2865.18 1817.86 2968.75 1714.29 2968.75 hole 0
1491.96 2877.68 1590.18 2877.68 1590.18 2975.89 1491.96 2975.89 hole 0
1266.07 2846.43 1355.36 2846.43 1355.36 2941.07 1266.07 2941.07 hole 0
2473.83 939.25 2575.70 939.25 2575.70 991.59 2473.83 991.59 normal 0
