1646.92 967.69 1773.08 967.69 1773.08 1087.69 1646.92 1087.69 ballS 0
1213.08 950.77 1340.77 950.77 1340.77 1093.85 1213.08 1093.85 ballS 0
2597.09 3003.08 2775.56 3003.08 2775.56 3172.31 2597.09 3172.31 hole 0
207.76 2996.92 345.38 2996.92 345.38 3160.34 207.76 3160.34 hole 0
1421.33 2045.59 1547.79 2045.59 1547.79 2170.59 1421.33 2170.59 ballL 0
1006.62 2042.65 1131.62 2042.65 1131.62 2167.65 1006.62 2167.65 ballL 0
1837.50 2050.00 1962.50 2050.00 1962.50 2176.47 1837.50 2176.47 ballL 0
1005.15 2216.18 1133.09 2216.18 1133.09 2455.88 1005.15 2455.88 hole 0
1415.44 2216.18 1552.21 2216.18 1552.21 2455.88 1415.44 2455.88 hole 0
1830.15 2220.59 1957.76 2220.59 1957.76 2456.90 1830.15 2456.90 hole 0
1213.97 1145.59 1347.80 1145.59 1347.80 1395.59 1213.97 1395.59 hole 0
1636.03 1148.53 1765.44 1148.53 1765.44 1405.88 1636.03 1405.88 hole 0
2731.62 513.24 2931.90 513.24 2931.90 717.24 2731.62 717.24 hole 0
106.62 492.65 259.56 492.65 259.56 705.88 106.62 705.88 hole 0
1205.15 844.12 1350.74 844.12 1350.74 914.70 1205.15 914.70 ballS 0
1647.80 844.12 1774.27 844.12 1774.27 920.59 1647.80 920.59 ballS 0
1821.53 2522.22 1939.58 2522.22 1939.58 2647.22 1821.53 2647.22 hole 0
1822.92 2700.00 1945.14 2700.00 1945.14 2858.33 1822.92 2858.33 hole 0
1431.25 2520.83 1545.69 2520.83 1545.69 2660.34 1431.25 2660.34 hole 0
1426.73 2727.59 1545.14 2727.59 1545.14 2863.89 1426.73 2863.89 hole 0
1013.58 2514.90 1138.79 2514.90 1138.79 2860.34 1013.58 2860.34 hole 0
