101.16 488.37 254.65 488.37 254.65 693.02 101.16 693.02 hole 0
2729.07 523.26 2924.42 523.26 2924.42 718.60 2729.07 718.60 hole 0
2594.19 3004.65 2775.58 3004.65 2775.58 3167.44 2594.19 3167.44 hole 0
205.81 2990.70 347.67 2990.70 347.67 3162.79 205.81 3162.79 hole 0
1639.23 961.54 1779.23 961.54 1779.23 1100.00 1639.23 1100.00 ballS 0
1213.89 952.31 1345.37 952.31 1345.37 1088.89 1213.89 1088.89 ballS 0
1205.38 1138.46 1337.69 1138.46 1337.69 1398.46 1205.38 1398.46 hole 0
1640.77 1141.54 1773.08 1141.54 1773.08 1255.38 1640.77 1255.38 hole 0
1839.23 2052.31 1962.31 2052.31 1962.31 2166.15 1839.23 2166.15 ballL 0
1006.92 2047.69 1131.54 2047.69 1131.54 2166.15 1006.92 2166.15 ballL 0
1419.23 2043.08 1551.54 2043.08 1551.54 2172.31 1419.23 2172.31 ballL 0
1410.00 2216.92 1551.54 2216.92 1551.54 2467.69 1410.00 2467.69 hole 0
1831.54 2221.54 1960.77 2221.54 1960.77 2458.46 1831.54 2458.46 hole 0
1011.54 2216.92 1136.15 2216.92 1136.15 2458.46 1011.54 2458.46 hole 0
1206.77 845.44 1351.63 845.44 1351.63 917.40 1206.77 917.40 ballS 0
1648.24 854.79 1787.63 854.79 1787.63 921.88 1648.24 921.88 ballS 0
1651.75 1287.72 1767.54 1287.72 1767.54 1400.00 1651.75 1400.00 hole 0
