1972.90 500.94 2092.52 500.94 2092.52 609.34 1972.90 609.34 normal 0
1727.10 434.58 1848.60 434.58 1848.60 547.66 1727.10 547.66 normal 0
1485.05 418.69 1598.13 418.69 1598.13 535.52 1485.05 535.52 normal 0
626.67 915.56 930.00 915.56 930.00 990.00 626.67 990.00 normal 0
635.56 1081.11 922.55 1081.11 922.55 1150.98 635.56 1150.98 normal 0
399.07 1171.03 513.08 1171.03 513.08 1285.05 399.07 1285.05 hole 0
329.91 1413.08 437.38 1413.08 437.38 1518.69 329.91 1518.69 hole 0
298.13 1643.92 408.41 1643.92 408.41 1748.60 298.13 1748.60 hole 0
325.23 1875.70 428.04 1875.70 428.04 1975.70 325.23 1975.70 hole 0
394.39 2102.80 470.09 2102.80 470.09 2202.80 394.39 2202.80 hole 0
829.91 2610.58 936.54 2610.58 936.54 2665.42 829.91 2665.42 hole 0
713.08 2451.40 993.46 2451.40 993.46 2515.89 713.08 2515.89 normal 0
695.33 2624.30 757.01 2624.30 757.01 2670.09 695.33 2670.09 hole 0
1035.53 2790.79 1138.70 2790.79 1138.70 2854.38 1035.53 2854.38 hole 0
1940.19 2815.89 2043.92 2815.89 2043.92 2905.61 1940.19 2905.61 hole 0
1714.02 2888.78 1817.76 2888.78 1817.76 2944.86 1714.02 2944.86 hole 0
1489.47 2900.00 1593.46 2900.00 1593.46 2963.55 1489.47 2963.55 hole 0
1267.10 2867.10 1364.49 2867.10 1364.49 2928.97 1267.10 2928.97 hole 0
1000.00 552.08 1104.17 552.08 1104.17 656.25 1000.00 656.25 wave 0
1241.67 462.50 1356.25 462.50 1356.25 575.00 1241.67 575.00 wave 0
