402.94 1164.70 511.76 1164.70 511.76 1287.26 402.94 1287.26 hole 0
339.46 1408.11 421.08 1408.11 421.08 1442.70 339.46 1442.70 hole 0
320.53 1645.78 402.47 1645.78 402.47 1746.91 320.53 1746.91 normal 0
791.45 2453.85 961.61 2453.85 961.61 2521.80 791.45 2521.80 normal 0
782.91 2604.27 969.23 2604.27 969.23 2665.81 782.91 2665.81 normal 0
1068.64 2767.74 1116.10 2767.74 1116.10 2868.64 1068.64 2868.64 hole 0
620.24 919.05 919.05 919.05 919.05 986.90 620.24 986.90 ballS 0
629.76 1084.52 930.53 1084.52 930.53 1153.54 629.76 1153.54 ballS 0
1979.20 493.60 2075.00 493.60 2075.00 605.56 1979.20 605.56 ballS 0
1737.60 436.00 1828.40 436.00 1828.40 548.15 1737.60 548.15 ballS 0
1493.60 424.00 1593.06 424.00 1593.06 529.17 1493.60 529.17 ballS 0
1249.64 455.75 1347.89 455.75 1347.89 566.28 1249.64 566.28 ballS 0
1005.26 544.74 1093.06 544.74 1093.06 655.56 1005.26 655.56 ballS 0
327.19 1868.42 432.46 1868.42 432.46 1982.46 327.19 1982.46 wave 0
712.50 2454.41 759.56 2454.41 759.56 2513.97 712.50 2513.97 normal 0
1267.54 2843.86 1365.79 2843.86 1365.79 2938.60 1267.54 2938.60 wave 0
750.00 2455.26 796.49 2455.26 796.49 2513.16 750.00 2513.16 hole 0
