1237.50 456.82 1352.27 456.82 1352.27 567.04 1237.50 567.04 normal 0
1477.27 417.04 1601.14 417.04 1601.14 530.68 1477.27 530.68 normal 0
1726.14 435.23 1844.32 435.23 1844.32 550.00 1726.14 550.00 normal 0
1971.59 496.59 2092.04 496.59 2092.04 614.77 1971.59 614.77 normal 0
2289.77 914.77 2587.50 914.77 2587.50 986.36 2289.77 986.36 normal 0
2284.09 1080.68 2579.54 1080.68 2579.54 1159.09 2284.09 1159.09 normal 0
2703.95 1184.21 2811.84 1184.21 2811.84 1286.84 2703.95 1286.84 hole 0
2772.37 1414.47 2881.58 1414.47 2881.58 1517.10 2772.37 1517.10 hole 0
2798.68 1648.68 2911.84 1648.68 2911.84 1753.95 2798.68 1753.95 hole 0
2769.74 1880.26 2885.53 1880.26 2885.53 1989.47 2769.74 1989.47 hole 0
1713.16 2871.05 1819.70 2871.05 1819.70 2942.42 1713.16 2942.42 normal 0
2196.05 2456.58 2500.00 2456.58 2500.00 2522.37 2196.05 2522.37 normal 0
2193.42 2609.21 2494.74 2609.21 2494.74 2672.37 2193.42 2672.37 normal 0
1938.89 2819.84 2046.03 2819.84 2046.03 2911.90 1938.89 2911.90 hole 0
1262.89 2849.48 1364.95 2849.48 1364.95 2939.18 1262.89 2939.18 wave 0
1492.06 2879.36 1596.83 2879.36 1596.83 2977.78 1492.06 2977.78 wave 0
