1250.00 462.71 1355.09 462.71 1355.09 569.49 1250.00 569.49 ballS 0
1494.07 428.81 1583.90 428.81 1583.90 528.81 1494.07 528.81 normal 0
1738.14 438.89 1841.67 438.89 1841.67 547.22 1738.14 547.22 normal 0
1983.90 508.48 2082.20 508.48 2082.20 605.08 1983.90 605.08 normal 0
2280.51 923.73 2582.20 923.73 2582.20 994.92 2280.51 994.92 normal 0
2282.20 1088.14 2573.73 1088.14 2573.73 1161.02 2282.20 1161.02 normal 0
2702.54 1179.66 2800.85 1179.66 2800.85 1279.66 2702.54 1279.66 hole 0
2780.51 1413.56 2880.51 1413.56 2880.51 1522.03 2780.51 1522.03 hole 0
2800.85 1650.85 2904.24 1650.85 2904.24 1755.93 2800.85 1755.93 hole 0
2777.12 1886.44 2882.20 1886.44 2882.20 1988.14 2777.12 1988.14 hole 0
2204.17 2460.42 2358.33 2460.42 2358.33 2522.92 2204.17 2522.92 normal 0
2353.33 2460.00 2387.50 2460.00 2387.50 2493.33 2353.33 2493.33 hole 0
2458.75 2482.00 2490.00 2482.00 2490.00 2523.75 2458.75 2523.75 hole 0
2393.46 2464.48 2493.46 2464.48 2493.46 2486.92 2393.46 2486.92 normal 0
2359.81 2487.85 2455.14 2487.85 2455.14 2518.69 2359.81 2518.69 normal 0
2212.15 2617.76 2460.75 2617.76 2460.75 2664.48 2212.15 2664.48 normal 0
1955.10 2824.49 2046.94 2824.49 2046.94 2904.08 1955.10 2904.08 hole 0
2704.29 2102.86 2818.57 2102.86 2818.57 2211.43 2704.29 2211.43 hole 0
