1973.75 500.00 2080.00 500.00 2080.00 612.50 1973.75 612.50 normal 0
1732.50 433.75 1843.75 433.75 1843.75 545.00 1732.50 545.00 normal 0
1480.00 423.75 1595.00 423.75 1595.00 525.00 1480.00 525.00 normal 0
1238.75 462.50 1345.83 462.50 1345.83 569.44 1238.75 569.44 wave 0
1001.25 551.25 1105.00 551.25 1105.00 657.50 1001.25 657.50 wave 0
621.01 917.39 923.91 917.39 923.91 994.20 621.01 994.20 normal 0
618.12 1079.71 923.91 1079.71 923.91 1153.62 618.12 1153.62 normal 0
397.83 1181.72 506.45 1181.72 506.45 1283.87 397.83 1283.87 hole 0
335.51 1417.39 429.71 1417.39 429.71 1504.35 335.51 1504.35 hole 0
368.84 1876.81 397.83 1876.81 397.83 1902.90 368.84 1902.90 hole 0
319.57 1639.13 397.83 1639.13 397.83 1675.36 319.57 1675.36 hole 0
387.68 2110.14 425.36 2110.14 425.36 2147.83 387.68 2147.83 hole 0
705.07 2453.62 994.93 2453.62 994.93 2520.29 705.07 2520.29 normal 0
709.42 2604.35 978.99 2604.35 978.99 2668.12 709.42 2668.12 normal 0
1035.51 2769.56 1141.31 2769.56 1141.31 2857.97 1035.51 2857.97 wave 0
1258.70 2844.93 1365.94 2844.93 1365.94 2934.78 1258.70 2934.78 wave 0
1487.68 2881.16 1589.13 2881.16 1589.13 2972.46 1487.68 2972.46 wave 0
1712.32 2871.02 1812.32 2871.02 1812.32 2959.42 1712.32 2959.42 wave 0
1936.96 2818.84 1999.28 2818.84 1999.28 2900.00 1936.96 2900.00 hole 0
