1743.75 441.25 1837.50 441.25 1837.50 540.00 1743.75 540.00 normal 0
1981.25 501.25 2087.50 501.25 2087.50 607.50 1981.25 607.50 normal 0
2291.45 918.62 2590.85 918.62 2590.85 989.32 2291.45 989.32 normal 0
2491.77 1086.25 2578.89 1086.25 2578.89 1153.80 2491.77 1153.80 normal 0
2700.83 1176.67 2805.83 1176.67 2805.83 1285.00 2700.83 1285.00 hole 0
2774.17 1416.67 2878.57 1416.67 2878.57 1522.22 2774.17 1522.22 hole 0
2802.50 1650.00 2907.50 1650.00 2907.50 1758.33 2802.50 1758.33 hole 0
2780.16 1871.43 2875.83 1871.43 2875.83 1988.33 2780.16 1988.33 hole 0
2704.17 2106.67 2809.17 2106.67 2809.17 2220.00 2704.17 2220.00 hole 0
2209.17 2460.00 2495.83 2460.00 2495.83 2523.33 2209.17 2523.33 normal 0
2204.17 2611.67 2484.17 2611.67 2484.17 2673.33 2204.17 2673.33 normal 0
1248.23 461.18 1349.41 461.18 1349.41 569.41 1248.23 569.41 wave 0
2344.02 1095.73 2491.03 1095.73 2491.03 1154.70 2344.02 1154.70 ballS 0
1486.37 419.32 1590.91 419.32 1590.91 531.82 1486.37 531.82 wave 0
