2391.54 840.00 2478.30 840.00 2478.30 1137.74 2391.54 1137.74 ballL 0
2256.31 755.93 2340.68 755.93 2340.68 1245.66 2256.31 1245.66 ballL 0
2065.39 529.23 2163.85 529.23 2163.85 666.15 2065.39 666.15 ballL 0
1894.61 453.85 1985.38 453.85 1985.38 593.85 1894.61 593.85 ballL 0
1196.15 420.00 1816.15 420.00 1816.15 501.54 1196.15 501.54 ballS 0
766.02 554.69 1038.68 554.69 1038.68 632.08 766.02 632.08 ballL 0
680.19 1147.17 786.92 1147.17 786.92 1233.85 680.19 1233.85 ballL 0
2756.15 1206.15 2843.85 1206.15 2843.85 1467.69 2756.15 1467.69 ballL 0
2871.14 1612.15 2956.18 1618.11 2916.04 2190.57 2831.00 2184.60 hole 0
2757.69 2293.85 2857.69 2293.85 2857.69 2361.54 2757.69 2361.54 wave 0
2694.62 2438.46 2791.54 2438.46 2791.54 2504.62 2694.62 2504.62 wave 0
2108.46 2604.62 2693.08 2604.62 2693.08 2678.46 2108.46 2678.46 ballS 0
2225.38 2730.77 2493.08 2730.77 2493.08 2795.38 2225.38 2795.38 ballL 0
1890.00 3067.69 2154.61 3067.69 2154.61 3133.85 1890.00 3133.85 ballL 0
1177.69 3166.15 1768.46 3166.15 1768.46 3246.15 1177.69 3246.15 hole 0
1014.61 3093.85 1094.62 3093.85 1094.62 3201.54 1014.61 3201.54 ballS 0
882.31 3049.23 953.08 3049.23 953.08 3152.31 882.31 3152.31 ballS 0
753.77 2707.55 822.31 2707.55 822.31 3110.77 753.77 3110.77 hole 0
