2603.23 2998.39 2783.87 2998.39 2783.87 3175.81 2603.23 3175.81 hole 0
2736.79 522.64 2933.02 522.64 2933.02 718.87 2736.79 718.87 hole 0
886.90 1314.28 1026.67 1314.28 1026.67 1450.00 886.90 1450.00 ballL 0
1108.33 1321.43 1242.22 1321.43 1242.22 1451.11 1108.33 1451.11 ballL 0
1315.48 1316.67 1455.95 1316.67 1455.95 1459.52 1315.48 1459.52 hole 0
1532.14 1323.81 1665.48 1323.81 1665.48 1459.52 1532.14 1459.52 hole 0
1746.43 1326.19 1872.62 1326.19 1872.62 1457.14 1746.43 1457.14 hole 0
1955.95 1323.81 2100.00 1323.81 2100.00 1462.96 1955.95 1462.96 ballL 0
1310.71 1533.33 1458.33 1533.33 1458.33 1661.90 1310.71 1661.90 hole 0
1953.57 1545.24 2089.29 1545.24 2089.29 1669.05 1953.57 1669.05 hole 0
903.57 1938.10 1036.90 1938.10 1036.90 2069.05 903.57 2069.05 ballL 0
1105.95 1938.10 1236.91 1938.10 1236.91 2066.67 1105.95 2066.67 hole 0
1355.95 1976.19 1429.76 1976.19 1429.76 2069.05 1355.95 2069.05 hole 0
1525.00 1945.24 1653.57 1945.24 1653.57 2073.81 1525.00 2073.81 hole 0
1734.53 1945.24 1865.47 1945.24 1865.47 2076.19 1734.53 2076.19 hole 0
1941.67 1945.24 2070.24 1945.24 2070.24 2066.67 1941.67 2066.67 hole 0
1939.29 2142.86 2067.86 2142.86 2067.86 2273.81 1939.29 2273.81 hole 0
1313.09 2147.62 1439.29 2147.62 1439.29 2273.81 1313.09 2273.81 hole 0
1204.72 1533.96 1236.79 1533.96 1236.79 1594.34 1204.72 1594.34 hole 0
893.14 1525.49 1024.51 1525.49 1024.51 1662.74 893.14 1662.74 normal 0
897.06 1737.26 1014.71 1737.26 1014.71 1862.74 897.06 1862.74 normal 0
1116.67 1741.18 1236.28 1741.18 1236.28 1860.78 1116.67 1860.78 normal 0
1324.51 1745.10 1444.12 1745.10 1444.12 1860.78 1324.51 1860.78 normal 0
1526.47 1533.33 1655.88 1533.33 1655.88 1656.86 1526.47 1656.86 normal 0
1746.08 1539.22 1861.76 1539.22 1861.76 1664.70 1746.08 1664.70 normal 0
1538.24 1737.26 1661.77 1737.26 1661.77 1858.82 1538.24 1858.82 normal 0
1744.12 1741.18 1863.73 1741.18 1863.73 1866.67 1744.12 1866.67 normal 0
1944.12 1745.10 2069.61 1745.10 2069.61 1864.70 1944.12 1864.70 normal 0
1732.35 2149.02 1861.76 2149.02 1861.76 2270.59 1732.35 2270.59 normal 0
1526.47 2143.14 1661.77 2143.14 1661.77 2262.74 1526.47 2262.74 normal 0
1928.43 2345.10 2051.96 2345.10 2051.96 2462.74 1928.43 2462.74 normal 0
1734.31 2343.14 1848.04 2343.14 1848.04 2460.78 1734.31 2460.78 normal 0
902.94 2149.02 1024.51 2149.02 1024.51 2264.70 902.94 2264.70 normal 0
1112.74 2145.10 1238.23 2145.10 1238.23 2264.70 1112.74 2264.70 normal 0
908.82 2349.02 1024.51 2349.02 1024.51 2456.86 908.82 2456.86 normal 0
1120.59 2349.02 1234.31 2349.02 1234.31 2456.86 1120.59 2456.86 normal 0
1324.51 2347.06 1440.20 2347.06 1440.20 2460.78 1324.51 2460.78 normal 0
1528.43 2352.94 1642.16 2352.94 1642.16 2456.86 1528.43 2456.86 normal 0
1120.93 1541.86 1204.65 1541.86 1204.65 1641.86 1120.93 1641.86 normal 0
