896.26 1314.95 1024.30 1314.95 1024.30 1451.40 896.26 1451.40 ballL 0
1108.41 1315.89 1244.86 1315.89 1244.86 1453.27 1108.41 1453.27 ballL 0
1317.76 1320.56 1454.21 1320.56 1454.21 1449.53 1317.76 1449.53 hole 0
1536.45 1317.76 1666.36 1317.76 1666.36 1452.34 1536.45 1452.34 hole 0
1750.47 1327.10 1885.05 1327.10 1885.05 1459.81 1750.47 1459.81 hole 0
1960.75 1325.23 2100.94 1325.23 2100.94 1460.75 1960.75 1460.75 ballL 0
1957.01 1533.64 2087.85 1533.64 2087.85 1660.75 1957.01 1660.75 hole 0
1327.10 1528.97 1452.34 1528.97 1452.34 1660.75 1327.10 1660.75 hole 0
900.94 1942.06 1032.71 1942.06 1032.71 2067.29 900.94 2067.29 ballL 0
1114.02 1941.12 1242.99 1941.12 1242.99 2063.55 1114.02 2063.55 ballL 0
1322.43 1943.92 1451.40 1943.92 1451.40 2068.22 1322.43 2068.22 hole 0
1526.17 1939.25 1658.88 1939.25 1658.88 2069.16 1526.17 2069.16 hole 0
1734.58 1945.80 1861.68 1945.80 1861.68 2070.09 1734.58 2070.09 hole 0
1946.73 1946.73 2072.90 1946.73 2072.90 2073.83 1946.73 2073.83 hole 0
1940.19 2143.92 2061.68 2143.92 2061.68 2264.48 1940.19 2264.48 hole 0
1325.81 2151.40 1445.79 2151.40 1445.79 2254.84 1325.81 2254.84 hole 0
900.00 1534.41 1031.18 1534.41 1031.18 1659.14 900.00 1659.14 normal 0
1112.90 1529.03 1241.93 1529.03 1241.93 1655.91 1112.90 1655.91 normal 0
1529.03 1530.11 1666.67 1530.11 1666.67 1656.99 1529.03 1656.99 normal 0
1745.16 1533.33 1874.19 1533.33 1874.19 1658.06 1745.16 1658.06 normal 0
1530.11 1749.46 1656.99 1749.46 1656.99 1863.44 1530.11 1863.44 normal 0
1109.98 1746.54 1236.86 1746.54 1236.86 1860.52 1109.98 1860.52 normal 0
900.45 1746.69 1027.33 1746.69 1027.33 1860.67 900.45 1860.67 normal 0
910.28 2148.99 1037.16 2148.99 1037.16 2262.97 910.28 2262.97 normal 0
1111.51 2149.14 1238.39 2149.14 1238.39 2263.12 1111.51 2263.12 normal 0
1518.11 2148.22 1644.99 2148.22 1644.99 2262.19 1518.11 2262.19 normal 0
1933.31 2347.29 2060.19 2347.29 2060.19 2461.27 1933.31 2461.27 normal 0
1725.94 2346.36 1852.82 2346.36 1852.82 2460.34 1725.94 2460.34 normal 0
1725.01 2154.04 1851.89 2154.04 1851.89 2268.02 1725.01 2268.02 normal 0
1528.39 2344.52 1655.27 2344.52 1655.27 2458.50 1528.39 2458.50 normal 0
1317.79 2346.82 1444.67 2346.82 1444.67 2460.80 1317.79 2460.80 normal 0
1107.18 2341.59 1234.07 2341.59 1234.07 2455.57 1107.18 2455.57 normal 0
907.33 2344.97 1034.21 2344.97 1034.21 2458.95 907.33 2458.95 normal 0
