927.50 542.50 1042.50 542.50 1042.50 632.50 927.50 632.50 ballL 0
1191.25 427.91 1772.09 427.91 1772.09 503.75 1191.25 503.75 normal 0
2251.96 872.55 2334.32 872.55 2334.32 1260.78 2251.96 1260.78 ballS 0
2402.94 858.82 2474.42 858.82 2474.42 1113.95 2402.94 1113.95 ballS 0
2761.76 1217.65 2840.20 1217.65 2840.20 1466.67 2761.76 1466.67 ballL 0
2875.56 1632.07 2952.87 1637.49 2912.74 2209.80 2835.43 2204.38 hole 0
1896.11 3063.64 2158.44 3063.64 2158.44 3128.57 1896.11 3128.57 ballL 0
1180.14 3172.60 1674.66 3172.60 1674.66 3245.20 1180.14 3245.20 hole 0
751.37 3053.42 825.34 3053.42 825.34 3119.18 751.37 3119.18 ballL 0
745.00 2710.00 819.00 2710.00 819.00 3032.00 745.00 3032.00 hole 0
749.02 2556.86 805.88 2556.86 805.88 2611.76 749.02 2611.76 hole 0
2110.00 2605.72 2707.14 2605.72 2707.14 2682.86 2110.00 2682.86 ballS 0
2226.09 2733.33 2489.86 2733.33 2489.86 2800.00 2226.09 2800.00 ballS 0
1704.35 3176.81 1766.67 3176.81 1766.67 3242.03 1704.35 3242.03 ballL 0
